0.68326359832636 10
0.678661087866109 1
0.676987447698745 5
0.670502092050209 1
0.669665271966527 10
0.668619246861925 5
0.668410041841004 2
0.668200836820084 1
0.667573221757322 1
0.666108786610879 1
0.66234309623431 2
0.661715481171548 1
0.661506276150628 1
0.660460251046025 3
0.659623430962343 2
0.656694560669456 2
0.655020920502092 1
0.654602510460251 6
0.65439330543933 2
0.653765690376569 1
0.653556485355649 1
0.652301255230125 1
0.65 1
0.64979079497908 1
0.648953974895398 1
0.648326359832636 1
0.647489539748954 1
0.647071129707113 1
0.646443514644351 1
0.646234309623431 1
0.645606694560669 2
0.645397489539749 1
0.644769874476987 2
0.644560669456067 2
0.644351464435146 6
0.644142259414226 2
0.643933054393305 1
0.643723849372385 1
0.642259414225941 1
0.6418410041841 1
0.641213389121339 1
0.640585774058577 5
0.640376569037657 1
0.639539748953975 1
0.639330543933054 1
0.639121338912134 4
0.638075313807531 1
0.636820083682008 1
0.636401673640167 1
0.634728033472803 1
0.634518828451883 7
0.634309623430962 2
0.634100418410042 1
0.633891213389121 6
0.633682008368201 6
0.632845188284519 1
0.632635983263598 1
0.632008368200837 6
0.630543933054393 2
0.62907949790795 1
0.628870292887029 1
0.626778242677824 4
0.625941422594142 2
0.625523012552301 1
0.622803347280335 1
0.621757322175732 2
0.621548117154812 2
0.621338912133891 1
0.619456066945607 2
0.619246861924686 2
0.61652719665272 1
0.616317991631799 1
0.614225941422594 1
0.614016736401674 3
0.612133891213389 1
0.611924686192469 2
0.610669456066946 2
0.609832635983264 2
0.609623430962343 6
0.609414225941423 8
0.6081589958159 1
0.607949790794979 1
0.595188284518828 2
0.592887029288703 1
0.592468619246862 1
0.592259414225941 1
0.591004184100418 2
0.588493723849372 1
0.588284518828452 3
0.587238493723849 1
0.580543933054393 2
0.579497907949791 6
0.576987447698745 6
0.574267782426778 6
0.563389121338912 1
0.562970711297071 1
0.558577405857741 2
0.552928870292887 1
0.552719665271966 1
0.544560669456067 2
0.542259414225941 2
0.541422594142259 2
0.53765690376569 6
0.51652719665272 2
0.516108786610879 2
0.515481171548117 4
0.513389121338912 2
0.487029288702929 3
0.480543933054393 3
0.479497907949791 3
0.463807531380753 3
0.456903765690377 3
0.456066945606695 3
0.448744769874477 2
0.446443514644351 2
0.446234309623431 2
0.440167364016736 2
0.438702928870293 2
0.43765690376569 2
0.43326359832636 2
0.431171548117155 2
0.430962343096234 3
0.430543933054393 2
0.428870292887029 1
0.426569037656904 1
0.42489539748954 1
0.420502092050209 1
0.417782426778243 1
0.417573221757322 1
0.417364016736402 1
0.417154811715481 1
0.413389121338912 1
0.409623430962343 4
0.408995815899582 2
0.402928870292887 1
0.401046025104603 1
0.398953974895397 2
0.397698744769874 2
0.397280334728033 2
0.392677824267782 1
0.390585774058577 1
0.375941422594142 2
0.371129707112971 3
0.369456066945607 2
0.367573221757322 1
0.36652719665272 1
0.365062761506276 2
0.364644351464435 6
0.361297071129707 2
0.360041841004184 3
0.358995815899582 2
0.356066945606695 2
0.353347280334728 2
0.353138075313808 2
0.352510460251046 2
0.351046025104603 3
0.350209205020921 6
0.34979079497908 3
0.347489539748954 5
0.345188284518828 3
0.339748953974895 2
0.339121338912134 2
0.338284518828452 2
0.336192468619247 2
0.335146443514644 1
0.332635983263598 3
0.331171548117155 2
0.324267782426778 4
0.319246861924686 2
0.317991631799163 6
0.316317991631799 2
0.316108786610879 4
0.315062761506276 6
0.309832635983264 1
0.307740585774059 1
0.296652719665272 1
0.293933054393305 1
0.291213389121339 2
0.289958158995816 1
0.287866108786611 1
0.28765690376569 2
0.273221757322176 1
0.271548117154812 1
0.266108786610879 1
0.262133891213389 1
0.255230125523013 1
0.253765690376569 1
0.245606694560669 1
0.242259414225941 2
0.240794979079498 1
0.234728033472803 2
0.228451882845188 2
0.201255230125523 1
0.198117154811715 2
0.197489539748954 1
0.197071129707113 1
0.194351464435146 2
0.193723849372385 1
0.190585774058577 4
0.189539748953975 2
0.18744769874477 3
0.185983263598326 3
0.185146443514644 3
0.181799163179916 1
0.180962343096234 1
0.17510460251046 3
0.172175732217573 4
0.17071129707113 10
0.169874476987448 3
0.169037656903766 3
0.165690376569038 1
0.165271966527197 1
0.161087866108787 2
0.160878661087866 2
0.160041841004184 1
0.159832635983264 1
0.157531380753138 2
0.157322175732218 2
0.155648535564854 2
0.15397489539749 1
0.153556485355649 1
0.151464435146444 4
0.151255230125523 6
0.144560669456067 1
0.144351464435146 1
0.144142259414226 1
0.143723849372385 1
0.143514644351464 2
0.14163179916318 2
0.139748953974895 1
0.138912133891213 1
0.138284518828452 1
0.137238493723849 2
0.136610878661088 2
0.134728033472803 1
0.132635983263598 4
0.132426778242678 4
0.131799163179916 1
0.131589958158996 3
0.129916317991632 1
0.12928870292887 1
0.12907949790795 2
0.128033472803347 4
0.127615062761506 1
0.127405857740586 8
0.126987447698745 5
0.126778242677824 1
0.12489539748954 1
0.124686192468619 1
0.123849372384937 1
0.123640167364017 9
0.123012552301255 4
0.122803347280335 3
0.122384937238494 3
0.122175732217573 1
0.121966527196653 2
0.121757322175732 3
0.121338912133891 7
0.121129707112971 1
0.118410041841004 1
0.118200836820084 2
0.117991631799163 2
0.117782426778243 2
0.117573221757322 4
0.115690376569038 3
0.115062761506276 3
0.114435146443515 2
0.112761506276151 2
0.11255230125523 2
0.107531380753138 2
0.107112970711297 4
0.106694560669456 1
0.105230125523013 2
0.104811715481172 1
0.104602510460251 1
0.103765690376569 3
0.102510460251046 2
0.102301255230126 3
0.102092050209205 1
0.100836820083682 2
0.10020920502092 2
0.1 3
0.0997907949790795 1
0.0968619246861925 2
0.0924686192468619 2
0.0922594142259414 2
0.0907949790794979 2
0.0893305439330544 1
0.0889121338912134 1
0.0874476987447699 1
0.0872384937238494 2
0.0870292887029289 1
0.0815899581589958 2
0.0755230125523013 3
0.0753138075313808 2
0.0751046025104602 3
0.0748953974895397 1
0.0746861924686193 4
0.0744769874476987 2
0.0742677824267782 2
0.0734309623430962 2
0.0730125523012552 1
0.0723849372384937 2
0.0715481171548117 4
0.0709205020920502 8
0.0707112970711297 2
0.0702928870292887 2
0.0694560669456067 1
0.0692468619246862 5
0.0688284518828452 4
0.0686192468619247 2
0.0682008368200837 3
0.0679916317991632 1
0.0677824267782427 2
0.0673640167364017 1
0.0671548117154812 1
0.0669456066945607 5
0.0665271966527197 4
0.0663179916317992 2
0.0658995815899582 8
0.0656903765690377 4
0.0652719665271966 1
0.0617154811715481 2
0.0598326359832636 1
0.0594142259414226 2
0.0592050209205021 1
0.0585774058577406 2
0.0556485355648536 2
0.0539748953974895 2
0.050418410041841 2
0.0489539748953975 2
0.0472803347280335 2
0.0468619246861925 2
0.0449790794979079 1
0.0447698744769875 1
0.0257322175732218 2
0.0246861924686192 1
0.0240585774058577 1
0.0234309623430962 1
0.0230125523012552 2
0.0228033472803347 1
0.00397489539748954 1
0.00355648535564854 1
0.00334728033472803 3
0.00292887029288703 1
