0.525468149807939 0.479497907949791 1 2 1 1 1 1 1 1
0.480963908450704 0.420502092050209 1 2 1 1 1 1 1 2
0.525468149807939 0.479497907949791 1 2 1 1 1 1 2 1
0.13713388284251 0.131589958158996 1 2 1 1 1 1 2 2
0.525468149807939 0.479497907949791 1 2 1 1 1 2 1 1
0.496098751600512 0.42489539748954 1 2 1 1 1 2 1 2
0.351272407170295 0.266108786610879 1 2 1 1 1 2 2 1
0.173155409731114 0.160878661087866 1 2 1 1 1 2 2 2
0.526508482714469 0.487029288702929 1 2 1 1 2 1 1 1
0.481904209346991 0.426569037656904 1 2 1 1 2 1 1 2
0.526508482714469 0.487029288702929 1 2 1 1 2 1 2 1
0.13720390524968 0.131799163179916 1 2 1 1 2 1 2 2
0.526508482714469 0.487029288702929 1 2 1 1 2 2 1 1
0.497039052496799 0.430962343096234 1 2 1 1 2 2 1 2
0.350212067861716 0.262133891213389 1 2 1 1 2 2 2 1
0.173225432138284 0.161087866108787 1 2 1 1 2 2 2 2
0.349761923815621 0.360041841004184 1 2 1 2 1 1 1 1
0.277178697183099 0.287866108786611 1 2 1 2 1 1 1 2
0.349761923815621 0.360041841004184 1 2 1 2 1 1 2 1
0.152558818822023 0.129916317991632 1 2 1 2 1 1 2 2
0.349761923815621 0.360041841004184 1 2 1 2 1 2 1 1
0.490957106274008 0.413389121338912 1 2 1 2 1 2 1 2
0.170244478233035 0.151255230125523 1 2 1 2 1 2 2 1
0.170244478233035 0.151255230125523 1 2 1 2 1 2 2 2
0.352122679257362 0.371129707112971 1 2 1 2 2 1 1 1
0.279329385403329 0.296652719665272 1 2 1 2 2 1 1 2
0.352122679257362 0.371129707112971 1 2 1 2 2 1 2 1
0.152428777208707 0.127615062761506 1 2 1 2 2 1 2 2
0.352122679257362 0.371129707112971 1 2 1 2 2 2 1 1
0.496868998079385 0.428870292887029 1 2 1 2 2 2 1 2
0.170314500640205 0.151464435146444 1 2 1 2 2 2 2 1
0.170314500640205 0.151464435146444 1 2 1 2 2 2 2 2
0.747709266965429 0.676987447698745 1 2 1 3 1 1 1 1
0.747709266965429 0.676987447698745 1 2 1 3 1 1 1 2
0.747709266965429 0.676987447698745 1 2 1 3 1 1 2 1
0.147217109475032 0.155648535564854 1 2 1 3 1 1 2 2
0.747709266965429 0.676987447698745 1 2 1 3 1 2 1 1
0.747709266965429 0.676987447698745 1 2 1 3 1 2 1 2
0.734395006402049 0.639121338912134 1 2 1 3 1 2 2 1
0.186539692701665 0.190585774058577 1 2 1 3 1 2 2 2
0.745328505121639 0.668619246861925 1 2 1 3 2 1 1 1
0.745328505121639 0.668619246861925 1 2 1 3 2 1 1 2
0.745328505121639 0.668619246861925 1 2 1 3 2 1 2 1
0.147217109475032 0.155648535564854 1 2 1 3 2 1 2 2
0.745328505121639 0.668619246861925 1 2 1 3 2 2 1 1
0.745328505121639 0.668619246861925 1 2 1 3 2 2 1 2
0.732124279769526 0.630543933054393 1 2 1 3 2 2 2 1
0.186539692701665 0.190585774058577 1 2 1 3 2 2 2 2
0.531440060819462 0.480543933054393 1 2 2 1 1 1 1 1
0.445792653649168 0.293933054393305 1 2 2 1 1 1 1 2
0.531440060819462 0.480543933054393 1 2 2 1 1 1 2 1
0.0975312099871959 0.0889121338912134 1 2 2 1 1 1 2 2
0.491947423175416 0.417154811715481 1 2 2 1 1 2 1 1
0.463628361075544 0.316108786610879 1 2 2 1 1 2 1 2
0.531440060819462 0.480543933054393 1 2 2 1 1 2 2 1
0.133472711267606 0.107112970711297 1 2 2 1 1 2 2 2
0.527238716389245 0.463807531380753 1 2 2 1 2 1 1 1
0.444932378361076 0.289958158995816 1 2 2 1 2 1 1 2
0.527238716389245 0.463807531380753 1 2 2 1 2 1 2 1
0.0974311779769526 0.0870292887029289 1 2 2 1 2 1 2 2
0.492037451984635 0.417782426778243 1 2 2 1 2 2 1 1
0.463698383482714 0.316317991631799 1 2 2 1 2 2 1 2
0.527238716389245 0.463807531380753 1 2 2 1 2 2 2 1
0.133152608834827 0.103765690376569 1 2 2 1 2 2 2 2
0.340298895646607 0.351046025104603 1 2 2 2 1 1 1 1
0.252700864276569 0.194351464435146 1 2 2 2 1 1 1 2
0.340298895646607 0.351046025104603 1 2 2 2 1 1 2 1
0.118147807298335 0.1 1 2 2 2 1 1 2 2
0.344010083226633 0.367573221757322 1 2 2 2 1 2 1 1
0.466309218950064 0.324267782426778 1 2 2 2 1 2 1 2
0.340298895646607 0.351046025104603 1 2 2 2 1 2 2 1
0.133152608834827 0.103765690376569 1 2 2 2 1 2 2 2
0.339608674775928 0.34979079497908 1 2 2 2 2 1 1 1
0.252700864276569 0.194351464435146 1 2 2 2 2 1 1 2
0.339608674775928 0.34979079497908 1 2 2 2 2 1 2 1
0.118147807298335 0.1 1 2 2 2 2 1 2 2
0.343329865556978 0.36652719665272 1 2 2 2 2 2 1 1
0.466309218950064 0.324267782426778 1 2 2 2 2 2 1 2
0.339608674775928 0.34979079497908 1 2 2 2 2 2 2 1
0.133152608834827 0.103765690376569 1 2 2 2 2 2 2 2
0.733074583866837 0.644351464435146 1 2 2 3 1 1 1 1
0.712247919334187 0.592887029288703 1 2 2 3 1 1 1 2
0.733074583866837 0.644351464435146 1 2 2 3 1 1 2 1
0.102752880921895 0.106694560669456 1 2 2 3 1 1 2 2
0.716379241357234 0.609414225941423 1 2 2 3 1 2 1 1
0.716379241357234 0.609414225941423 1 2 2 3 1 2 1 2
0.733074583866837 0.644351464435146 1 2 2 3 1 2 2 1
0.14746718950064 0.138284518828452 1 2 2 3 1 2 2 2
0.73095390524968 0.633891213389121 1 2 2 3 2 1 1 1
0.711067541613316 0.587238493723849 1 2 2 3 2 1 1 2
0.73095390524968 0.633891213389121 1 2 2 3 2 1 2 1
0.102112676056338 0.104602510460251 1 2 2 3 2 1 2 2
0.716399247759283 0.609832635983264 1 2 2 3 2 2 1 1
0.716389244558259 0.609623430962343 1 2 2 3 2 2 1 2
0.73095390524968 0.633891213389121 1 2 2 3 2 2 2 1
0.146606914212548 0.134728033472803 1 2 2 3 2 2 2 2
0.573013364276568 0.574267782426778 1 3 1 1 1 1 1 1
0.523387483994878 0.513389121338912 1 3 1 1 1 1 1 2
0.573013364276568 0.574267782426778 1 3 1 1 1 1 2 1
0.133032570422535 0.11255230125523 1 3 1 1 1 1 2 2
0.573013364276568 0.574267782426778 1 3 1 1 1 2 1 1
0.549955985915493 0.541422594142259 1 3 1 1 1 2 1 2
0.408280649807939 0.352510460251046 1 3 1 1 1 2 2 1
0.160631402048656 0.157322175732218 1 3 1 1 1 2 2 2
0.572193101792574 0.579497907949791 1 3 1 1 2 1 1 1
0.522427176696543 0.51652719665272 1 3 1 1 2 1 1 2
0.572193101792574 0.579497907949791 1 3 1 1 2 1 2 1
0.133102592829706 0.112761506276151 1 3 1 1 2 1 2 2
0.572193101792574 0.579497907949791 1 3 1 1 2 2 1 1
0.548995678617157 0.544560669456067 1 3 1 1 2 2 1 2
0.404619478233035 0.347489539748954 1 3 1 1 2 2 2 1
0.160701424455826 0.157531380753138 1 3 1 1 2 2 2 2
0.32246318822023 0.350209205020921 1 3 1 2 1 1 1 1
0.23608554737516 0.234728033472803 1 3 1 2 1 1 1 2
0.32246318822023 0.350209205020921 1 3 1 2 1 1 2 1
0.149567861715749 0.118200836820084 1 3 1 2 1 1 2 2
0.32246318822023 0.350209205020921 1 3 1 2 1 2 1 1
0.54070302496799 0.515481171548117 1 3 1 2 1 2 1 2
0.153339068501921 0.132426778242678 1 3 1 2 1 2 2 1
0.153339068501921 0.132426778242678 1 3 1 2 1 2 2 2
0.325934298975672 0.364644351464435 1 3 1 2 2 1 1 1
0.238946462868118 0.242259414225941 1 3 1 2 2 1 1 2
0.325934298975672 0.364644351464435 1 3 1 2 2 1 2 1
0.149197743277849 0.114435146443515 1 3 1 2 2 1 2 2
0.325934298975672 0.364644351464435 1 3 1 2 2 2 1 1
0.548805617797695 0.542259414225941 1 3 1 2 2 2 1 2
0.153409090909091 0.132635983263598 1 3 1 2 2 2 2 1
0.153409090909091 0.132635983263598 1 3 1 2 2 2 2 2
0.75 0.68326359832636 1 3 1 3 1 1 1 1
0.75 0.68326359832636 1 3 1 3 1 1 1 2
0.75 0.68326359832636 1 3 1 3 1 1 2 1
0.138304257362356 0.121338912133891 1 3 1 3 1 1 2 2
0.75 0.68326359832636 1 3 1 3 1 2 1 1
0.75 0.68326359832636 1 3 1 3 1 2 1 2
0.734395006402049 0.639121338912134 1 3 1 3 1 2 2 1
0.169094110115237 0.17071129707113 1 3 1 3 1 2 2 2
0.744608274647887 0.669665271966527 1 3 1 3 2 1 1 1
0.744608274647887 0.669665271966527 1 3 1 3 2 1 1 2
0.744608274647887 0.669665271966527 1 3 1 3 2 1 2 1
0.138304257362356 0.121338912133891 1 3 1 3 2 1 2 2
0.744608274647887 0.669665271966527 1 3 1 3 2 2 1 1
0.744608274647887 0.669665271966527 1 3 1 3 2 2 1 2
0.729133322663252 0.625941422594142 1 3 1 3 2 2 2 1
0.169094110115237 0.17071129707113 1 3 1 3 2 2 2 2
0.577444782330346 0.576987447698745 1 3 2 1 1 1 1 1
0.523337467989757 0.375941422594142 1 3 2 1 1 1 1 2
0.577444782330346 0.576987447698745 1 3 2 1 1 1 2 1
0.0856073943661972 0.0539748953974895 1 3 2 1 1 1 2 2
0.540763044174136 0.515481171548117 1 3 2 1 1 2 1 1
0.528309058898848 0.397280334728033 1 3 2 1 1 2 1 2
0.577444782330346 0.576987447698745 1 3 2 1 1 2 2 1
0.141555297695262 0.127405857740586 1 3 2 1 1 2 2 2
0.565971110755442 0.53765690376569 1 3 2 1 2 1 1 1
0.519216149167734 0.365062761506276 1 3 2 1 2 1 1 2
0.565971110755442 0.53765690376569 1 3 2 1 2 1 2 1
0.0852572823303457 0.050418410041841 1 3 2 1 2 1 2 2
0.540853072983355 0.516108786610879 1 3 2 1 2 2 1 1
0.528389084507042 0.397698744769874 1 3 2 1 2 2 1 2
0.565971110755442 0.53765690376569 1 3 2 1 2 2 2 1
0.140014804737516 0.117573221757322 1 3 2 1 2 2 2 2
0.308728793213828 0.317991631799163 1 3 2 2 1 1 1 1
0.257872519206146 0.172175732217573 1 3 2 2 1 1 1 2
0.308728793213828 0.317991631799163 1 3 2 2 1 1 2 1
0.11383642765685 0.0924686192468619 1 3 2 2 1 1 2 2
0.317201504481434 0.356066945606695 1 3 2 2 1 2 1 1
0.529859555057618 0.409623430962343 1 3 2 2 1 2 1 2
0.308728793213828 0.317991631799163 1 3 2 2 1 2 2 1
0.140034811139565 0.117782426778243 1 3 2 2 1 2 2 2
0.307938540332907 0.315062761506276 1 3 2 2 2 1 1 1
0.257872519206146 0.172175732217573 1 3 2 2 2 1 1 2
0.307938540332907 0.315062761506276 1 3 2 2 2 1 2 1
0.113816421254802 0.0922594142259414 1 3 2 2 2 1 2 2
0.316421254801536 0.353347280334728 1 3 2 2 2 2 1 1
0.529859555057618 0.409623430962343 1 3 2 2 2 2 1 2
0.307938540332907 0.315062761506276 1 3 2 2 2 2 2 1
0.140014804737516 0.117573221757322 1 3 2 2 2 2 2 2
0.734985195262484 0.654602510460251 1 3 2 3 1 1 1 1
0.712077864916773 0.591004184100418 1 3 2 3 1 1 1 2
0.734985195262484 0.654602510460251 1 3 2 3 1 1 2 1
0.0873179417413572 0.0594142259414226 1 3 2 3 1 1 2 2
0.716379241357234 0.609414225941423 1 3 2 3 1 2 1 1
0.716379241357234 0.609414225941423 1 3 2 3 1 2 1 2
0.734985195262484 0.654602510460251 1 3 2 3 1 2 2 1
0.150578185019206 0.14163179916318 1 3 2 3 1 2 2 2
0.729103313060179 0.633682008368201 1 3 2 3 2 1 1 1
0.708046574903969 0.580543933054393 1 3 2 3 2 1 1 2
0.729103313060179 0.633682008368201 1 3 2 3 2 1 2 1
0.0864276568501921 0.0556485355648536 1 3 2 3 2 1 2 2
0.716389244558259 0.609623430962343 1 3 2 3 2 2 1 1
0.716389244558259 0.609623430962343 1 3 2 3 2 2 1 2
0.729103313060179 0.633682008368201 1 3 2 3 2 2 2 1
0.148497519206146 0.131589958158996 1 3 2 3 2 2 2 2
0.0799355793854033 0.0746861924686193 2 2 1 1 1 1 1 1
0.079865556978233 0.0744769874476987 2 2 1 1 1 1 1 2
0.0799355793854033 0.0746861924686193 2 2 1 1 1 1 2 1
0.0747239116517286 0.0682008368200837 2 2 1 1 1 1 2 2
0.0818661971830986 0.0753138075313808 2 2 1 1 1 2 1 1
0.0818261843790013 0.0755230125523013 2 2 1 1 1 2 1 2
0.0789452624839949 0.0702928870292887 2 2 1 1 1 2 2 1
0.0766545294494238 0.0688284518828452 2 2 1 1 1 2 2 2
0.0799355793854033 0.0746861924686193 2 2 1 1 2 1 1 1
0.079865556978233 0.0744769874476987 2 2 1 1 2 1 1 2
0.0799355793854033 0.0746861924686193 2 2 1 1 2 1 2 1
0.0747239116517286 0.0682008368200837 2 2 1 1 2 1 2 2
0.0818661971830986 0.0753138075313808 2 2 1 1 2 2 1 1
0.0818261843790013 0.0755230125523013 2 2 1 1 2 2 1 2
0.0789452624839949 0.0702928870292887 2 2 1 1 2 2 2 1
0.0766545294494238 0.0688284518828452 2 2 1 1 2 2 2 2
0.0773647567221511 0.0709205020920502 2 2 1 2 1 1 1 1
0.0772947343149808 0.0707112970711297 2 2 1 2 1 1 1 2
0.0773647567221511 0.0709205020920502 2 2 1 2 1 1 2 1
0.0745138444302177 0.0663179916317992 2 2 1 2 1 1 2 2
0.0792953745198463 0.0715481171548117 2 2 1 2 1 2 1 1
0.081756161971831 0.0751046025104602 2 2 1 2 1 2 1 2
0.0764444622279129 0.0669456066945607 2 2 1 2 1 2 2 1
0.0764444622279129 0.0669456066945607 2 2 1 2 1 2 2 2
0.0773647567221511 0.0709205020920502 2 2 1 2 2 1 1 1
0.0772947343149808 0.0707112970711297 2 2 1 2 2 1 1 2
0.0773647567221511 0.0709205020920502 2 2 1 2 2 1 2 1
0.0745138444302177 0.0663179916317992 2 2 1 2 2 1 2 2
0.0792953745198463 0.0715481171548117 2 2 1 2 2 2 1 1
0.0818261843790013 0.0755230125523013 2 2 1 2 2 2 1 2
0.0764444622279129 0.0669456066945607 2 2 1 2 2 2 2 1
0.0764444622279129 0.0669456066945607 2 2 1 2 2 2 2 2
0.0965008802816901 0.127405857740586 2 2 1 3 1 1 1 1
0.0965008802816901 0.127405857740586 2 2 1 3 1 1 1 2
0.0965008802816901 0.127405857740586 2 2 1 3 1 1 2 1
0.0747539212548015 0.0686192468619247 2 2 1 3 1 1 2 2
0.0984314980793854 0.128033472803347 2 2 1 3 1 2 1 1
0.0984314980793854 0.128033472803347 2 2 1 3 1 2 1 2
0.0983314660691421 0.126987447698745 2 2 1 3 1 2 2 1
0.0766845390524968 0.0692468619246862 2 2 1 3 1 2 2 2
0.0965008802816901 0.127405857740586 2 2 1 3 2 1 1 1
0.0965008802816901 0.127405857740586 2 2 1 3 2 1 1 2
0.0965008802816901 0.127405857740586 2 2 1 3 2 1 2 1
0.0747539212548015 0.0686192468619247 2 2 1 3 2 1 2 2
0.0984314980793854 0.128033472803347 2 2 1 3 2 2 1 1
0.0984314980793854 0.128033472803347 2 2 1 3 2 2 1 2
0.0983314660691421 0.126987447698745 2 2 1 3 2 2 2 1
0.0766845390524968 0.0692468619246862 2 2 1 3 2 2 2 2
0.079865556978233 0.0742677824267782 2 2 2 1 1 1 1 1
0.63341269206146 0.592468619246862 2 2 2 1 1 1 1 2
0.079865556978233 0.0742677824267782 2 2 2 1 1 1 2 1
0.62060859475032 0.552928870292887 2 2 2 1 1 1 2 2
0.081756161971831 0.0751046025104602 2 2 2 1 1 2 1 1
0.721230793854033 0.610669456066946 2 2 2 1 1 2 1 2
0.0817961747759283 0.0748953974895397 2 2 2 1 1 2 2 1
0.715448943661972 0.588493723849372 2 2 2 1 1 2 2 2
0.0796554897567222 0.0723849372384937 2 2 2 1 2 1 1 1
0.63325264084507 0.592259414225941 2 2 2 1 2 1 1 2
0.0796554897567222 0.0723849372384937 2 2 2 1 2 1 2 1
0.620448543533931 0.552719665271966 2 2 2 1 2 1 2 2
0.081756161971831 0.0751046025104602 2 2 2 1 2 2 1 1
0.721230793854033 0.610669456066946 2 2 2 1 2 2 1 2
0.0815861075544174 0.0730125523012552 2 2 2 1 2 2 2 1
0.715288892445583 0.588284518828452 2 2 2 1 2 2 2 2
0.0773647567221511 0.0709205020920502 2 2 2 2 1 1 1 1
0.631942221510884 0.595188284518828 2 2 2 2 1 1 1 2
0.0773647567221511 0.0709205020920502 2 2 2 2 1 1 2 1
0.623319462227913 0.558577405857741 2 2 2 2 1 1 2 2
0.0795054417413572 0.0734309623430962 2 2 2 2 1 2 1 1
0.721530889884763 0.614016736401674 2 2 2 2 1 2 1 2
0.0792953745198463 0.0715481171548117 2 2 2 2 1 2 2 1
0.715288892445583 0.588284518828452 2 2 2 2 1 2 2 2
0.0773647567221511 0.0709205020920502 2 2 2 2 2 1 1 1
0.631942221510884 0.595188284518828 2 2 2 2 2 1 1 2
0.0773647567221511 0.0709205020920502 2 2 2 2 2 1 2 1
0.623319462227913 0.558577405857741 2 2 2 2 2 1 2 2
0.0795054417413572 0.0734309623430962 2 2 2 2 2 2 1 1
0.721530889884763 0.614016736401674 2 2 2 2 2 2 1 2
0.0792953745198463 0.0715481171548117 2 2 2 2 2 2 2 1
0.715288892445583 0.588284518828452 2 2 2 2 2 2 2 2
0.096070742637644 0.123012552301255 2 2 2 3 1 1 1 1
0.642745678617157 0.61652719665272 2 2 2 3 1 1 1 2
0.096070742637644 0.123012552301255 2 2 2 3 1 1 2 1
0.624089708706786 0.563389121338912 2 2 2 3 1 1 2 2
0.0980013604353393 0.123640167364017 2 2 2 3 1 2 1 1
0.730483754801536 0.634518828451883 2 2 2 3 1 2 1 2
0.0980013604353393 0.123640167364017 2 2 2 3 1 2 2 1
0.72136083546735 0.614225941422594 2 2 2 3 1 2 2 2
0.0954805537772087 0.122384937238494 2 2 2 3 2 1 1 1
0.642735675416133 0.616317991631799 2 2 2 3 2 1 1 2
0.0954805537772087 0.122384937238494 2 2 2 3 2 1 2 1
0.623919654289373 0.562970711297071 2 2 2 3 2 1 2 2
0.0980013604353393 0.123640167364017 2 2 2 3 2 2 1 1
0.730473751600512 0.634309623430962 2 2 2 3 2 2 1 2
0.097411171574904 0.123012552301255 2 2 2 3 2 2 2 1
0.72120078425096 0.614016736401674 2 2 2 3 2 2 2 2
0.0731934218950064 0.105230125523013 2 3 1 1 1 1 1 1
0.0731033930857874 0.104811715481172 2 3 1 1 1 1 1 2
0.0731934218950064 0.105230125523013 2 3 1 1 1 1 2 1
0.0518365877080666 0.0468619246861925 2 3 1 1 1 1 2 2
0.097961347631242 0.126778242677824 2 3 1 1 1 2 1 1
0.0979113316261204 0.126987447698745 2 3 1 1 1 2 1 2
0.0904089308578745 0.0997907949790795 2 3 1 1 1 2 2 1
0.0766645326504481 0.0688284518828452 2 3 1 1 1 2 2 2
0.073393485915493 0.107531380753138 2 3 1 1 2 1 1 1
0.073303457106274 0.107112970711297 2 3 1 1 2 1 1 2
0.073393485915493 0.107531380753138 2 3 1 1 2 1 2 1
0.0518365877080666 0.0468619246861925 2 3 1 1 2 1 2 2
0.0981614116517286 0.12907949790795 2 3 1 1 2 2 1 1
0.0981113956466069 0.12928870292887 2 3 1 1 2 2 1 2
0.0904489436619718 0.1 2 3 1 1 2 2 2 1
0.0766645326504481 0.0688284518828452 2 3 1 1 2 2 2 2
0.0581085947503201 0.0658995815899582 2 3 1 2 1 1 1 1
0.0580085627400768 0.0652719665271966 2 3 1 2 1 1 1 2
0.0581085947503201 0.0658995815899582 2 3 1 2 1 1 2 1
0.0516565300896287 0.0449790794979079 2 3 1 2 1 1 2 2
0.0828765204865557 0.0874476987447699 2 3 1 2 1 2 1 1
0.0974711907810499 0.122175732217573 2 3 1 2 1 2 1 2
0.0764244558258643 0.0665271966527197 2 3 1 2 1 2 2 1
0.0764244558258643 0.0665271966527197 2 3 1 2 1 2 2 2
0.0582086267605634 0.0677824267782427 2 3 1 2 2 1 1 1
0.0581085947503201 0.0671548117154812 2 3 1 2 2 1 1 2
0.0582086267605634 0.0677824267782427 2 3 1 2 2 1 2 1
0.0516165172855314 0.0447698744769875 2 3 1 2 2 1 2 2
0.082976552496799 0.0893305439330544 2 3 1 2 2 2 1 1
0.0980513764404609 0.12907949790795 2 3 1 2 2 2 1 2
0.0764244558258643 0.0665271966527197 2 3 1 2 2 2 2 1
0.0764244558258643 0.0665271966527197 2 3 1 2 2 2 2 2
0.0743237836107554 0.115062761506276 2 3 1 3 1 1 1 1
0.0743237836107554 0.115062761506276 2 3 1 3 1 1 1 2
0.0743237836107554 0.115062761506276 2 3 1 3 1 1 2 1
0.0518665973111396 0.0472803347280335 2 3 1 3 1 1 2 2
0.099091709346991 0.136610878661088 2 3 1 3 1 2 1 1
0.099091709346991 0.136610878661088 2 3 1 3 1 2 1 2
0.0983314660691421 0.126987447698745 2 3 1 3 1 2 2 1
0.0766945422535211 0.0692468619246862 2 3 1 3 1 2 2 2
0.0744138124199744 0.115690376569038 2 3 1 3 2 1 1 1
0.0744138124199744 0.115690376569038 2 3 1 3 2 1 1 2
0.0744138124199744 0.115690376569038 2 3 1 3 2 1 2 1
0.0518665973111396 0.0472803347280335 2 3 1 3 2 1 2 2
0.09918173815621 0.137238493723849 2 3 1 3 2 2 1 1
0.09918173815621 0.137238493723849 2 3 1 3 2 2 1 2
0.0983314660691421 0.126987447698745 2 3 1 3 2 2 2 1
0.0766945422535211 0.0692468619246862 2 3 1 3 2 2 2 2
0.0727032650448143 0.10020920502092 2 3 2 1 1 1 1 1
0.307928537131882 0.245606694560669 2 3 2 1 1 1 1 2
0.0727032650448143 0.10020920502092 2 3 2 1 1 1 2 1
0.292573623559539 0.197489539748954 2 3 2 1 1 1 2 2
0.0974311779769526 0.121966527196653 2 3 2 1 1 2 1 1
0.726752560819462 0.632845188284519 2 3 2 1 1 2 1 2
0.0974711907810499 0.121757322175732 2 3 2 1 1 2 2 1
0.729993597951344 0.622803347280335 2 3 2 1 1 2 2 2
0.0718529929577465 0.0968619246861925 2 3 2 1 2 1 1 1
0.307358354673496 0.240794979079498 2 3 2 1 2 1 1 2
0.0718529929577465 0.0968619246861925 2 3 2 1 2 1 2 1
0.292173495518566 0.193723849372385 2 3 2 1 2 1 2 2
0.097411171574904 0.121757322175732 2 3 2 1 2 2 1 1
0.726742557618438 0.632635983263598 2 3 2 1 2 2 1 2
0.0966209186939821 0.118410041841004 2 3 2 1 2 2 2 1
0.725942301536492 0.612133891213389 2 3 2 1 2 2 2 2
0.0580985915492958 0.0656903765690377 2 3 2 2 1 1 1 1
0.294344190140845 0.198117154811715 2 3 2 2 1 1 1 2
0.0580985915492958 0.0656903765690377 2 3 2 2 1 1 2 1
0.306938220230474 0.228451882845188 2 3 2 2 1 1 2 2
0.0837367957746479 0.0907949790794979 2 3 2 2 1 2 1 1
0.730383722791293 0.639539748953975 2 3 2 2 1 2 1 2
0.0828665172855314 0.0872384937238494 2 3 2 2 1 2 2 1
0.725932298335467 0.611924686192469 2 3 2 2 1 2 2 2
0.0580985915492958 0.0656903765690377 2 3 2 2 2 1 1 1
0.294344190140845 0.198117154811715 2 3 2 2 2 1 1 2
0.0580985915492958 0.0656903765690377 2 3 2 2 2 1 2 1
0.306938220230474 0.228451882845188 2 3 2 2 2 1 2 2
0.0837367957746479 0.0907949790794979 2 3 2 2 2 2 1 1
0.730373719590269 0.639330543933054 2 3 2 2 2 2 1 2
0.0828665172855314 0.0872384937238494 2 3 2 2 2 2 2 1
0.725932298335467 0.611924686192469 2 3 2 2 2 2 2 2
0.073243437900128 0.102301255230126 2 3 2 3 1 1 1 1
0.314220550576184 0.255230125523013 2 3 2 3 1 1 1 2
0.073243437900128 0.102301255230126 2 3 2 3 1 1 2 1
0.293243838028169 0.201255230125523 2 3 2 3 1 1 2 2
0.0980013604353393 0.123640167364017 2 3 2 3 1 2 1 1
0.730483754801536 0.634518828451883 2 3 2 3 1 2 1 2
0.0980113636363636 0.123849372384937 2 3 2 3 1 2 2 1
0.732934539052497 0.644142259414226 2 3 2 3 1 2 2 2
0.0726032330345711 0.100836820083682 2 3 2 3 2 1 1 1
0.314030489756722 0.253765690376569 2 3 2 3 2 1 1 2
0.0726032330345711 0.100836820083682 2 3 2 3 2 1 2 1
0.292823703585147 0.197071129707113 2 3 2 3 2 1 2 2
0.0980013604353393 0.123640167364017 2 3 2 3 2 2 1 1
0.730473751600512 0.634309623430962 2 3 2 3 2 2 1 2
0.0973711587708067 0.122384937238494 2 3 2 3 2 2 2 1
0.728243037772087 0.632008368200837 2 3 2 3 2 2 2 2
0.380581786171575 0.446443514644351 3 2 1 1 1 1 1 1
0.373719590268886 0.417573221757322 3 2 1 1 1 1 1 2
0.380581786171575 0.446443514644351 3 2 1 1 1 1 2 1
0.364686699743918 0.398953974895397 3 2 1 1 1 1 2 2
0.72864316581306 0.65 3 2 1 1 1 2 1 1
0.721911011523688 0.621757322175732 3 2 1 1 1 2 1 2
0.727282730473752 0.636401673640167 3 2 1 1 1 2 2 1
0.72723271446863 0.628870292887029 3 2 1 1 1 2 2 2
0.380391725352113 0.446234309623431 3 2 1 1 2 1 1 1
0.373529529449424 0.417364016736402 3 2 1 1 2 1 1 2
0.380391725352113 0.446234309623431 3 2 1 1 2 1 2 1
0.364686699743918 0.398953974895397 3 2 1 1 2 1 2 2
0.728453104993598 0.64979079497908 3 2 1 1 2 2 1 1
0.721720950704225 0.621548117154812 3 2 1 1 2 2 1 2
0.727262724071703 0.638075313807531 3 2 1 1 2 2 2 1
0.727242717669654 0.62907949790795 3 2 1 1 2 2 2 2
0.380141645326504 0.43326359832636 3 2 1 2 1 1 1 1
0.362926136363636 0.392677824267782 3 2 1 2 1 1 1 2
0.380141645326504 0.43326359832636 3 2 1 2 1 1 2 1
0.373899647887324 0.402928870292887 3 2 1 2 1 1 2 2
0.72820302496799 0.636820083682008 3 2 1 2 1 2 1 1
0.722391165172855 0.625523012552301 3 2 1 2 1 2 1 2
0.726282410371319 0.619246861924686 3 2 1 2 1 2 2 1
0.726282410371319 0.619246861924686 3 2 1 2 1 2 2 2
0.379941581306018 0.431171548117155 3 2 1 2 2 1 1 1
0.36272607234315 0.390585774058577 3 2 1 2 2 1 1 2
0.379941581306018 0.431171548117155 3 2 1 2 2 1 2 1
0.373719590268886 0.401046025104603 3 2 1 2 2 1 2 2
0.728002960947503 0.634728033472803 3 2 1 2 2 2 1 1
0.721690941101152 0.621338912133891 3 2 1 2 2 2 1 2
0.726292413572343 0.619456066945607 3 2 1 2 2 2 2 1
0.726292413572343 0.619456066945607 3 2 1 2 2 2 2 2
0.388694382202305 0.456903765690377 3 2 1 3 1 1 1 1
0.388694382202305 0.456903765690377 3 2 1 3 1 1 1 2
0.388694382202305 0.456903765690377 3 2 1 3 1 1 2 1
0.368147807298335 0.408995815899582 3 2 1 3 1 1 2 2
0.73675576184379 0.660460251046025 3 2 1 3 1 2 1 1
0.73675576184379 0.660460251046025 3 2 1 3 1 2 1 2
0.738566341229193 0.668410041841004 3 2 1 3 1 2 2 1
0.732504401408451 0.644142259414226 3 2 1 3 1 2 2 2
0.388514324583867 0.456066945606695 3 2 1 3 2 1 1 1
0.388514324583867 0.456066945606695 3 2 1 3 2 1 1 2
0.388514324583867 0.456066945606695 3 2 1 3 2 1 2 1
0.368147807298335 0.408995815899582 3 2 1 3 2 1 2 2
0.736575704225352 0.659623430962343 3 2 1 3 2 2 1 1
0.736575704225352 0.659623430962343 3 2 1 3 2 2 1 2
0.738386283610755 0.667573221757322 3 2 1 3 2 2 2 1
0.732494398207426 0.643933054393305 3 2 1 3 2 2 2 2
0.381362035851472 0.448744769874477 3 2 2 1 1 1 1 1
0.0366917413572343 0.0598326359832636 3 2 2 1 1 1 1 2
0.381362035851472 0.448744769874477 3 2 2 1 1 1 2 1
0.0198463508322663 0.0240585774058577 3 2 2 1 1 1 2 2
0.721921014724712 0.621548117154812 3 2 2 1 1 2 1 1
0.0926896606914213 0.102301255230126 3 2 2 1 1 2 1 2
0.729423415492958 0.652301255230125 3 2 2 1 1 2 2 1
0.0765845070422535 0.0679916317991632 3 2 2 1 1 2 2 2
0.379481434058899 0.440167364016736 3 2 2 1 2 1 1 1
0.0365717029449424 0.0585774058577406 3 2 2 1 2 1 1 2
0.379481434058899 0.440167364016736 3 2 2 1 2 1 2 1
0.0197263124199744 0.0228033472803347 3 2 2 1 2 1 2 2
0.721931017925736 0.621757322175732 3 2 2 1 2 2 1 1
0.0926696542893726 0.102092050209205 3 2 2 1 2 2 1 2
0.727542813700384 0.643723849372385 3 2 2 1 2 2 2 1
0.076354433418694 0.0658995815899582 3 2 2 1 2 2 2 2
0.379921574903969 0.430962343096234 3 2 2 2 1 1 1 1
0.0264084507042254 0.0489539748953975 3 2 2 2 1 1 1 2
0.379921574903969 0.430962343096234 3 2 2 2 1 1 2 1
0.0197963348271447 0.0230125523012552 3 2 2 2 1 1 2 2
0.72954345390525 0.644769874476987 3 2 2 2 1 2 1 1
0.0921995038412292 0.102510460251046 3 2 2 2 1 2 1 2
0.727982954545455 0.634518828451883 3 2 2 2 1 2 2 1
0.076354433418694 0.0658995815899582 3 2 2 2 1 2 2 2
0.379341389244558 0.430543933054393 3 2 2 2 2 1 1 1
0.0264084507042254 0.0489539748953975 3 2 2 2 2 1 1 2
0.379341389244558 0.430543933054393 3 2 2 2 2 1 2 1
0.0197963348271447 0.0230125523012552 3 2 2 2 2 1 2 2
0.728973271446863 0.644560669456067 3 2 2 2 2 2 1 1
0.0921995038412292 0.102510460251046 3 2 2 2 2 2 1 2
0.727402768886043 0.634100418410042 3 2 2 2 2 2 2 1
0.076354433418694 0.0658995815899582 3 2 2 2 2 2 2 2
0.3831826184379 0.438702928870293 3 2 2 3 1 1 1 1
0.0420334507042254 0.0815899581589958 3 2 2 3 1 1 1 2
0.3831826184379 0.438702928870293 3 2 2 3 1 1 2 1
0.0199063700384123 0.0246861924686192 3 2 2 3 1 1 2 2
0.730483754801536 0.634518828451883 3 2 2 3 1 2 1 1
0.0980013604353393 0.123640167364017 3 2 2 3 1 2 1 2
0.731243998079385 0.642259414225941 3 2 2 3 1 2 2 1
0.0767045454545455 0.0694560669456067 3 2 2 3 1 2 2 2
0.382962548015365 0.43765690376569 3 2 2 3 2 1 1 1
0.0420334507042254 0.0815899581589958 3 2 2 3 2 1 1 2
0.382962548015365 0.43765690376569 3 2 2 3 2 1 2 1
0.0197863316261204 0.0234309623430962 3 2 2 3 2 1 2 2
0.730483754801536 0.634518828451883 3 2 2 3 2 2 1 1
0.0980013604353393 0.123640167364017 3 2 2 3 2 2 1 2
0.73102392765685 0.641213389121339 3 2 2 3 2 2 2 1
0.0764744718309859 0.0673640167364017 3 2 2 3 2 2 2 2
0.300586187580026 0.361297071129707 3 3 1 1 1 1 1 1
0.293743998079385 0.335146443514644 3 3 1 1 1 1 1 2
0.300586187580026 0.361297071129707 3 3 1 1 1 1 2 1
0.278189020486556 0.28765690376569 3 3 1 1 1 1 2 2
0.734425016005122 0.670502092050209 3 3 1 1 1 2 1 1
0.727952944942382 0.647071129707113 3 3 1 1 1 2 1 2
0.734775128040973 0.66234309623431 3 3 1 1 1 2 2 1
0.73236435659411 0.645606694560669 3 3 1 1 1 2 2 2
0.300266085147247 0.358995815899582 3 3 1 1 2 1 1 1
0.293393886043534 0.332635983263598 3 3 1 1 2 1 1 2
0.300266085147247 0.358995815899582 3 3 1 1 2 1 2 1
0.278189020486556 0.28765690376569 3 3 1 1 2 1 2 2
0.734104913572343 0.668200836820084 3 3 1 1 2 2 1 1
0.72760283290653 0.644560669456067 3 3 1 1 2 2 1 2
0.734585067221511 0.661715481171548 3 3 1 1 2 2 2 1
0.73236435659411 0.645606694560669 3 3 1 1 2 2 2 2
0.29777528809219 0.339748953974895 3 3 1 2 1 1 1 1
0.275738236235595 0.273221757322176 3 3 1 2 1 1 1 2
0.29777528809219 0.339748953974895 3 3 1 2 1 1 2 1
0.291463268245839 0.309832635983264 3 3 1 2 1 1 2 2
0.731614116517286 0.648953974895398 3 3 1 2 1 2 1 1
0.731604113316261 0.655020920502092 3 3 1 2 1 2 1 2
0.727722871318822 0.626778242677824 3 3 1 2 1 2 2 1
0.727722871318822 0.626778242677824 3 3 1 2 1 2 2 2
0.297705265685019 0.338284518828452 3 3 1 2 2 1 1 1
0.27558818822023 0.271548117154812 3 3 1 2 2 1 1 2
0.297705265685019 0.338284518828452 3 3 1 2 2 1 2 1
0.291273207426376 0.307740585774059 3 3 1 2 2 1 2 2
0.731544094110115 0.647489539748954 3 3 1 2 2 2 1 1
0.727612836107554 0.644769874476987 3 3 1 2 2 2 1 2
0.727722871318822 0.626778242677824 3 3 1 2 2 2 2 1
0.727722871318822 0.626778242677824 3 3 1 2 2 2 2 2
0.300196062740077 0.347489539748954 3 3 1 3 1 1 1 1
0.300196062740077 0.347489539748954 3 3 1 3 1 1 1 2
0.300196062740077 0.347489539748954 3 3 1 3 1 1 2 1
0.278849231754161 0.291213389121339 3 3 1 3 1 1 2 2
0.734034891165173 0.656694560669456 3 3 1 3 1 2 1 1
0.734034891165173 0.656694560669456 3 3 1 3 1 2 1 2
0.738566341229193 0.668410041841004 3 3 1 3 1 2 2 1
0.734385003201024 0.653765690376569 3 3 1 3 1 2 2 2
0.29992597631242 0.345188284518828 3 3 1 3 2 1 1 1
0.29992597631242 0.345188284518828 3 3 1 3 2 1 1 2
0.29992597631242 0.345188284518828 3 3 1 3 2 1 2 1
0.278849231754161 0.291213389121339 3 3 1 3 2 1 2 2
0.733764804737516 0.65439330543933 3 3 1 3 2 2 1 1
0.733764804737516 0.65439330543933 3 3 1 3 2 2 1 2
0.738296254801536 0.666108786610879 3 3 1 3 2 2 2 1
0.734375 0.653556485355649 3 3 1 3 2 2 2 2
0.301646526888604 0.369456066945607 3 3 2 1 1 1 1 1
0.0312399967989757 0.0592050209205021 3 3 2 1 1 1 1 2
0.301646526888604 0.369456066945607 3 3 2 1 1 1 2 1
0.0100732234314981 0.00355648535564854 3 3 2 1 1 1 2 2
0.727712868117798 0.646234309623431 3 3 2 1 1 2 1 1
0.0969610275288092 0.121338912133891 3 3 2 1 1 2 1 2
0.7354853553137 0.678661087866109 3 3 2 1 1 2 2 1
0.0766045134443022 0.0682008368200837 3 3 2 1 1 2 2 2
0.299295774647887 0.353138075313808 3 3 2 1 2 1 1 1
0.031159971190781 0.0585774058577406 3 3 2 1 2 1 1 2
0.299295774647887 0.353138075313808 3 3 2 1 2 1 2 1
0.00999319782330346 0.00292887029288703 3 3 2 1 2 1 2 2
0.727722871318822 0.646443514644351 3 3 2 1 2 2 1 1
0.0969410211267606 0.121129707112971 3 3 2 1 2 2 1 2
0.733134603072983 0.66234309623431 3 3 2 1 2 2 2 1
0.0763644366197183 0.0658995815899582 3 3 2 1 2 2 2 2
0.297135083226633 0.332635983263598 3 3 2 2 1 1 1 1
0.0166253201024328 0.0257322175732218 3 3 2 2 1 1 1 2
0.297135083226633 0.332635983263598 3 3 2 2 1 1 2 1
0.0100832266325224 0.00334728033472803 3 3 2 2 1 1 2 2
0.736225592189501 0.661506276150628 3 3 2 2 1 2 1 1
0.0964608674775928 0.121338912133891 3 3 2 2 1 2 1 2
0.730973911651729 0.6418410041841 3 3 2 2 1 2 2 1
0.0763644366197183 0.0658995815899582 3 3 2 2 1 2 2 2
0.296494878361076 0.331171548117155 3 3 2 2 2 1 1 1
0.0166253201024328 0.0257322175732218 3 3 2 2 2 1 1 2
0.296494878361076 0.331171548117155 3 3 2 2 2 1 2 1
0.0100832266325224 0.00334728033472803 3 3 2 2 2 1 2 2
0.735605393725992 0.660460251046025 3 3 2 2 2 2 1 1
0.0964608674775928 0.121338912133891 3 3 2 2 2 2 1 2
0.730333706786172 0.640376569037657 3 3 2 2 2 2 2 1
0.0763644366197183 0.0658995815899582 3 3 2 2 2 2 2 2
0.29791533290653 0.339121338912134 3 3 2 3 1 1 1 1
0.0323003361075544 0.0617154811715481 3 3 2 3 1 1 1 2
0.29791533290653 0.339121338912134 3 3 2 3 1 1 2 1
0.0101232394366197 0.00397489539748954 3 3 2 3 1 1 2 2
0.730483754801536 0.634518828451883 3 3 2 3 1 2 1 1
0.0980013604353393 0.123640167364017 3 3 2 3 1 2 1 2
0.731754161331626 0.648326359832636 3 3 2 3 1 2 2 1
0.0766945422535211 0.0692468619246862 3 3 2 3 1 2 2 2
0.297555217669654 0.336192468619247 3 3 2 3 2 1 1 1
0.0323003361075544 0.0617154811715481 3 3 2 3 2 1 1 2
0.297555217669654 0.336192468619247 3 3 2 3 2 1 2 1
0.0100432138284251 0.00334728033472803 3 3 2 3 2 1 2 2
0.730483754801536 0.634518828451883 3 3 2 3 2 2 1 1
0.0980013604353393 0.123640167364017 3 3 2 3 2 2 1 2
0.73139404609475 0.645397489539749 3 3 2 3 2 2 2 1
0.0764544654289373 0.0669456066945607 3 3 2 3 2 2 2 2
0.263054177336748 0.185983263598326 4 2 1 1 1 1 1 1
0.206336027528809 0.139748953974895 4 2 1 1 1 1 1 2
0.263054177336748 0.185983263598326 4 2 1 1 1 1 2 1
0.17120478553137 0.159832635983264 4 2 1 1 1 1 2 2
0.263054177336748 0.185983263598326 4 2 1 1 1 2 1 1
0.224801936619718 0.144560669456067 4 2 1 1 1 2 1 2
0.251800576184379 0.165690376569038 4 2 1 1 1 2 2 1
0.173155409731114 0.160878661087866 4 2 1 1 1 2 2 2
0.263024167733675 0.185146443514644 4 2 1 1 2 1 1 1
0.206306017925736 0.138912133891213 4 2 1 1 2 1 1 2
0.263024167733675 0.185146443514644 4 2 1 1 2 1 2 1
0.17127480793854 0.160041841004184 4 2 1 1 2 1 2 2
0.263024167733675 0.185146443514644 4 2 1 1 2 2 1 1
0.224771927016645 0.143723849372385 4 2 1 1 2 2 1 2
0.251810579385403 0.165271966527197 4 2 1 1 2 2 2 1
0.173225432138284 0.161087866108787 4 2 1 1 2 2 2 2
0.181578104993598 0.17071129707113 4 2 1 2 1 1 1 1
0.120938700384123 0.121966527196653 4 2 1 2 1 1 1 2
0.181578104993598 0.17071129707113 4 2 1 2 1 1 2 1
0.170244478233035 0.151255230125523 4 2 1 2 1 1 2 2
0.181578104993598 0.17071129707113 4 2 1 2 1 2 1 1
0.223091389244558 0.143514644351464 4 2 1 2 1 2 1 2
0.170244478233035 0.151255230125523 4 2 1 2 1 2 2 1
0.170244478233035 0.151255230125523 4 2 1 2 1 2 2 2
0.181648127400768 0.17071129707113 4 2 1 2 2 1 1 1
0.120988716389245 0.121757322175732 4 2 1 2 2 1 1 2
0.181648127400768 0.17071129707113 4 2 1 2 2 1 2 1
0.170304497439181 0.151255230125523 4 2 1 2 2 1 2 2
0.181648127400768 0.17071129707113 4 2 1 2 2 2 1 1
0.224761923815621 0.143514644351464 4 2 1 2 2 2 1 2
0.170314500640205 0.151464435146444 4 2 1 2 2 2 2 1
0.170314500640205 0.151464435146444 4 2 1 2 2 2 2 2
0.736205585787452 0.640585774058577 4 2 1 3 1 1 1 1
0.736205585787452 0.640585774058577 4 2 1 3 1 1 1 2
0.736205585787452 0.640585774058577 4 2 1 3 1 1 2 1
0.184589068501921 0.189539748953975 4 2 1 3 1 1 2 2
0.736205585787452 0.640585774058577 4 2 1 3 1 2 1 1
0.736205585787452 0.640585774058577 4 2 1 3 1 2 1 2
0.734395006402049 0.639121338912134 4 2 1 3 1 2 2 1
0.186539692701665 0.190585774058577 4 2 1 3 1 2 2 2
0.73393485915493 0.632008368200837 4 2 1 3 2 1 1 1
0.73393485915493 0.632008368200837 4 2 1 3 2 1 1 2
0.73393485915493 0.632008368200837 4 2 1 3 2 1 2 1
0.184589068501921 0.189539748953975 4 2 1 3 2 1 2 2
0.73393485915493 0.632008368200837 4 2 1 3 2 2 1 1
0.73393485915493 0.632008368200837 4 2 1 3 2 2 1 2
0.732124279769526 0.630543933054393 4 2 1 3 2 2 2 1
0.186539692701665 0.190585774058577 4 2 1 3 2 2 2 2
0.263394286171575 0.18744769874477 4 2 2 1 1 1 1 1
0.463628361075544 0.316108786610879 4 2 2 1 1 1 1 2
0.263394286171575 0.18744769874477 4 2 2 1 1 1 2 1
0.113546334827145 0.107112970711297 4 2 2 1 1 1 2 2
0.223151408450704 0.144142259414226 4 2 2 1 1 2 1 1
0.463628361075544 0.316108786610879 4 2 2 1 1 2 1 2
0.263394286171575 0.18744769874477 4 2 2 1 1 2 2 1
0.136963828425096 0.123012552301255 4 2 2 1 1 2 2 2
0.260253281049936 0.17510460251046 4 2 2 1 2 1 1 1
0.46368838028169 0.316108786610879 4 2 2 1 2 1 1 2
0.260253281049936 0.17510460251046 4 2 2 1 2 1 2 1
0.113606354033291 0.107112970711297 4 2 2 1 2 1 2 2
0.223221430857875 0.144351464435146 4 2 2 1 2 2 1 1
0.463698383482714 0.316317991631799 4 2 2 1 2 2 1 2
0.260253281049936 0.17510460251046 4 2 2 1 2 2 2 1
0.137013844430218 0.122803347280335 4 2 2 1 2 2 2 2
0.179827544814341 0.169874476987448 4 2 2 2 1 1 1 1
0.385783450704225 0.319246861924686 4 2 2 2 1 1 1 2
0.179827544814341 0.169874476987448 4 2 2 2 1 1 2 1
0.118547935339309 0.117991631799163 4 2 2 2 1 1 2 2
0.182938540332907 0.181799163179916 4 2 2 2 1 2 1 1
0.466309218950064 0.324267782426778 4 2 2 2 1 2 1 2
0.179827544814341 0.169874476987448 4 2 2 2 1 2 2 1
0.137013844430218 0.122803347280335 4 2 2 2 1 2 2 2
0.179717509603073 0.169037656903766 4 2 2 2 2 1 1 1
0.385783450704225 0.319246861924686 4 2 2 2 2 1 1 2
0.179717509603073 0.169037656903766 4 2 2 2 2 1 2 1
0.118547935339309 0.117991631799163 4 2 2 2 2 1 2 2
0.182828505121639 0.180962343096234 4 2 2 2 2 2 1 1
0.466309218950064 0.324267782426778 4 2 2 2 2 2 1 2
0.179717509603073 0.169037656903766 4 2 2 2 2 2 2 1
0.137013844430218 0.122803347280335 4 2 2 2 2 2 2 2
0.733074583866837 0.644351464435146 4 2 2 3 1 1 1 1
0.716219190140845 0.6081589958159 4 2 2 3 1 1 1 2
0.733074583866837 0.644351464435146 4 2 2 3 1 1 2 1
0.118737996158771 0.12489539748954 4 2 2 3 1 1 2 2
0.716379241357234 0.609414225941423 4 2 2 3 1 2 1 1
0.716379241357234 0.609414225941423 4 2 2 3 1 2 1 2
0.733074583866837 0.644351464435146 4 2 2 3 1 2 2 1
0.150908290653009 0.15397489539749 4 2 2 3 1 2 2 2
0.73095390524968 0.633891213389121 4 2 2 3 2 1 1 1
0.716059138924456 0.607949790794979 4 2 2 3 2 1 1 2
0.73095390524968 0.633891213389121 4 2 2 3 2 1 2 1
0.118257842509603 0.124686192468619 4 2 2 3 2 1 2 2
0.716399247759283 0.609832635983264 4 2 2 3 2 2 1 1
0.716389244558259 0.609623430962343 4 2 2 3 2 2 1 2
0.73095390524968 0.633891213389121 4 2 2 3 2 2 2 1
0.150418133802817 0.153556485355649 4 2 2 3 2 2 2 2
0.573013364276568 0.574267782426778 4 3 1 1 1 1 1 1
0.523387483994878 0.513389121338912 4 3 1 1 1 1 1 2
0.573013364276568 0.574267782426778 4 3 1 1 1 1 2 1
0.133032570422535 0.11255230125523 4 3 1 1 1 1 2 2
0.573013364276568 0.574267782426778 4 3 1 1 1 2 1 1
0.549955985915493 0.541422594142259 4 3 1 1 1 2 1 2
0.408280649807939 0.352510460251046 4 3 1 1 1 2 2 1
0.160631402048656 0.157322175732218 4 3 1 1 1 2 2 2
0.572193101792574 0.579497907949791 4 3 1 1 2 1 1 1
0.522427176696543 0.51652719665272 4 3 1 1 2 1 1 2
0.572193101792574 0.579497907949791 4 3 1 1 2 1 2 1
0.133102592829706 0.112761506276151 4 3 1 1 2 1 2 2
0.572193101792574 0.579497907949791 4 3 1 1 2 2 1 1
0.548995678617157 0.544560669456067 4 3 1 1 2 2 1 2
0.404619478233035 0.347489539748954 4 3 1 1 2 2 2 1
0.160701424455826 0.157531380753138 4 3 1 1 2 2 2 2
0.32246318822023 0.350209205020921 4 3 1 2 1 1 1 1
0.23608554737516 0.234728033472803 4 3 1 2 1 1 1 2
0.32246318822023 0.350209205020921 4 3 1 2 1 1 2 1
0.149567861715749 0.118200836820084 4 3 1 2 1 1 2 2
0.32246318822023 0.350209205020921 4 3 1 2 1 2 1 1
0.54070302496799 0.515481171548117 4 3 1 2 1 2 1 2
0.153339068501921 0.132426778242678 4 3 1 2 1 2 2 1
0.153339068501921 0.132426778242678 4 3 1 2 1 2 2 2
0.325934298975672 0.364644351464435 4 3 1 2 2 1 1 1
0.238946462868118 0.242259414225941 4 3 1 2 2 1 1 2
0.325934298975672 0.364644351464435 4 3 1 2 2 1 2 1
0.149197743277849 0.114435146443515 4 3 1 2 2 1 2 2
0.325934298975672 0.364644351464435 4 3 1 2 2 2 1 1
0.548805617797695 0.542259414225941 4 3 1 2 2 2 1 2
0.153409090909091 0.132635983263598 4 3 1 2 2 2 2 1
0.153409090909091 0.132635983263598 4 3 1 2 2 2 2 2
0.75 0.68326359832636 4 3 1 3 1 1 1 1
0.75 0.68326359832636 4 3 1 3 1 1 1 2
0.75 0.68326359832636 4 3 1 3 1 1 2 1
0.138304257362356 0.121338912133891 4 3 1 3 1 1 2 2
0.75 0.68326359832636 4 3 1 3 1 2 1 1
0.75 0.68326359832636 4 3 1 3 1 2 1 2
0.734395006402049 0.639121338912134 4 3 1 3 1 2 2 1
0.169094110115237 0.17071129707113 4 3 1 3 1 2 2 2
0.744608274647887 0.669665271966527 4 3 1 3 2 1 1 1
0.744608274647887 0.669665271966527 4 3 1 3 2 1 1 2
0.744608274647887 0.669665271966527 4 3 1 3 2 1 2 1
0.138304257362356 0.121338912133891 4 3 1 3 2 1 2 2
0.744608274647887 0.669665271966527 4 3 1 3 2 2 1 1
0.744608274647887 0.669665271966527 4 3 1 3 2 2 1 2
0.729133322663252 0.625941422594142 4 3 1 3 2 2 2 1
0.169094110115237 0.17071129707113 4 3 1 3 2 2 2 2
0.577444782330346 0.576987447698745 4 3 2 1 1 1 1 1
0.523337467989757 0.375941422594142 4 3 2 1 1 1 1 2
0.577444782330346 0.576987447698745 4 3 2 1 1 1 2 1
0.0856073943661972 0.0539748953974895 4 3 2 1 1 1 2 2
0.540763044174136 0.515481171548117 4 3 2 1 1 2 1 1
0.528309058898848 0.397280334728033 4 3 2 1 1 2 1 2
0.577444782330346 0.576987447698745 4 3 2 1 1 2 2 1
0.141555297695262 0.127405857740586 4 3 2 1 1 2 2 2
0.565971110755442 0.53765690376569 4 3 2 1 2 1 1 1
0.519216149167734 0.365062761506276 4 3 2 1 2 1 1 2
0.565971110755442 0.53765690376569 4 3 2 1 2 1 2 1
0.0852572823303457 0.050418410041841 4 3 2 1 2 1 2 2
0.540853072983355 0.516108786610879 4 3 2 1 2 2 1 1
0.528389084507042 0.397698744769874 4 3 2 1 2 2 1 2
0.565971110755442 0.53765690376569 4 3 2 1 2 2 2 1
0.140014804737516 0.117573221757322 4 3 2 1 2 2 2 2
0.308728793213828 0.317991631799163 4 3 2 2 1 1 1 1
0.257872519206146 0.172175732217573 4 3 2 2 1 1 1 2
0.308728793213828 0.317991631799163 4 3 2 2 1 1 2 1
0.11383642765685 0.0924686192468619 4 3 2 2 1 1 2 2
0.317201504481434 0.356066945606695 4 3 2 2 1 2 1 1
0.529859555057618 0.409623430962343 4 3 2 2 1 2 1 2
0.308728793213828 0.317991631799163 4 3 2 2 1 2 2 1
0.140034811139565 0.117782426778243 4 3 2 2 1 2 2 2
0.307938540332907 0.315062761506276 4 3 2 2 2 1 1 1
0.257872519206146 0.172175732217573 4 3 2 2 2 1 1 2
0.307938540332907 0.315062761506276 4 3 2 2 2 1 2 1
0.113816421254802 0.0922594142259414 4 3 2 2 2 1 2 2
0.316421254801536 0.353347280334728 4 3 2 2 2 2 1 1
0.529859555057618 0.409623430962343 4 3 2 2 2 2 1 2
0.307938540332907 0.315062761506276 4 3 2 2 2 2 2 1
0.140014804737516 0.117573221757322 4 3 2 2 2 2 2 2
0.734985195262484 0.654602510460251 4 3 2 3 1 1 1 1
0.712077864916773 0.591004184100418 4 3 2 3 1 1 1 2
0.734985195262484 0.654602510460251 4 3 2 3 1 1 2 1
0.0873179417413572 0.0594142259414226 4 3 2 3 1 1 2 2
0.716379241357234 0.609414225941423 4 3 2 3 1 2 1 1
0.716379241357234 0.609414225941423 4 3 2 3 1 2 1 2
0.734985195262484 0.654602510460251 4 3 2 3 1 2 2 1
0.150578185019206 0.14163179916318 4 3 2 3 1 2 2 2
0.729103313060179 0.633682008368201 4 3 2 3 2 1 1 1
0.708046574903969 0.580543933054393 4 3 2 3 2 1 1 2
0.729103313060179 0.633682008368201 4 3 2 3 2 1 2 1
0.0864276568501921 0.0556485355648536 4 3 2 3 2 1 2 2
0.716389244558259 0.609623430962343 4 3 2 3 2 2 1 1
0.716389244558259 0.609623430962343 4 3 2 3 2 2 1 2
0.729103313060179 0.633682008368201 4 3 2 3 2 2 2 1
0.148497519206146 0.131589958158996 4 3 2 3 2 2 2 2
