0.749652378332416 0.682503139388866 4 3 1 3 1 2 1 2
0.749652378332416 0.682503139388866 4 3 1 3 1 2 1 1
0.749652378332416 0.682503139388866 4 3 1 3 1 1 2 1
0.749652378332416 0.682503139388866 4 3 1 3 1 1 1 2
0.749652378332416 0.682503139388866 4 3 1 3 1 1 1 1
0.749652378332416 0.682503139388866 1 3 1 3 1 2 1 2
0.749652378332416 0.682503139388866 1 3 1 3 1 2 1 1
0.749652378332416 0.682503139388866 1 3 1 3 1 1 2 1
0.749652378332416 0.682503139388866 1 3 1 3 1 1 1 2
0.749652378332416 0.682503139388866 1 3 1 3 1 1 1 1
0.749422297804232 0.682293846797823 1 2 1 3 1 2 1 2
0.749422297804232 0.682293846797823 1 2 1 3 1 2 1 1
0.749422297804232 0.682293846797823 1 2 1 3 1 1 2 1
0.749422297804232 0.682293846797823 1 2 1 3 1 1 1 2
0.749422297804232 0.682293846797823 1 2 1 3 1 1 1 1
0.747051468013805 0.674131435747175 1 2 1 3 2 2 1 2
0.747051468013805 0.674131435747175 1 2 1 3 2 2 1 1
0.747051468013805 0.674131435747175 1 2 1 3 2 1 2 1
0.747051468013805 0.674131435747175 1 2 1 3 2 1 1 2
0.747051468013805 0.674131435747175 1 2 1 3 2 1 1 1
0.744590606712349 0.669317706153202 4 3 1 3 2 2 1 2
0.744590606712349 0.669317706153202 4 3 1 3 2 2 1 1
0.744590606712349 0.669317706153202 4 3 1 3 2 1 2 1
0.744590606712349 0.669317706153202 4 3 1 3 2 1 1 2
0.744590606712349 0.669317706153202 4 3 1 3 2 1 1 1
0.744590606712349 0.669317706153202 1 3 1 3 2 2 1 2
0.744590606712349 0.669317706153202 1 3 1 3 2 2 1 1
0.744590606712349 0.669317706153202 1 3 1 3 2 1 2 1
0.744590606712349 0.669317706153202 1 3 1 3 2 1 1 2
0.744590606712349 0.669317706153202 1 3 1 3 2 1 1 1
0.738818586505277 0.658225198827961 4 2 1 3 1 2 1 2
0.738818586505277 0.658225198827961 4 2 1 3 1 2 1 1
0.738818586505277 0.658225198827961 4 2 1 3 1 1 2 1
0.738818586505277 0.658225198827961 4 2 1 3 1 1 1 2
0.738818586505277 0.658225198827961 4 2 1 3 1 1 1 1
0.737778222377832 0.661992465466723 3 3 1 3 1 2 2 1
0.737778222377832 0.661992465466723 3 2 1 3 1 2 2 1
0.737598159355775 0.661155295102553 3 2 1 3 2 2 2 1
0.737518131345971 0.6598995395563 3 3 1 3 2 2 2 1
0.736977942279798 0.656132272917539 4 3 1 3 1 2 2 1
0.736977942279798 0.656132272917539 4 2 1 3 1 2 2 1
0.736977942279798 0.656132272917539 1 3 1 3 1 2 2 1
0.736977942279798 0.656132272917539 1 2 1 3 1 2 2 1
0.736567798729555 0.650062787777313 4 2 1 3 2 2 1 2
0.736567798729555 0.650062787777313 4 2 1 3 2 2 1 1
0.736567798729555 0.650062787777313 4 2 1 3 2 1 2 1
0.736567798729555 0.650062787777313 4 2 1 3 2 1 1 2
0.736567798729555 0.650062787777313 4 2 1 3 2 1 1 1
0.735957585154804 0.654039347007116 3 2 1 3 1 2 1 2
0.735957585154804 0.654039347007116 3 2 1 3 1 2 1 1
0.735777522132746 0.653202176642947 3 2 1 3 2 2 1 2
0.735777522132746 0.653202176642947 3 2 1 3 2 2 1 1
0.73561746611314 0.656550858099623 3 3 2 2 1 2 1 1
0.735027259540839 0.655922980326496 3 3 2 2 2 2 1 1
0.734717151002851 0.647760569275848 4 2 1 3 2 2 2 1
0.734717151002851 0.647760569275848 1 2 1 3 2 2 2 1
0.734657129995498 0.650481372959397 4 3 2 3 1 2 2 1
0.734657129995498 0.650481372959397 4 3 2 3 1 1 2 1
0.734657129995498 0.650481372959397 4 3 2 3 1 1 1 1
0.734657129995498 0.650481372959397 1 3 2 3 1 2 2 1
0.734657129995498 0.650481372959397 1 3 2 3 1 1 2 1
0.734657129995498 0.650481372959397 1 3 2 3 1 1 1 1
0.734086930425649 0.650062787777313 3 3 1 3 1 2 2 2
0.734076926924424 0.64985349518627 3 3 1 3 2 2 2 2
0.733906867403591 0.668271243197991 3 3 2 1 1 2 2 1
0.73388686040114 0.644202595228129 4 2 2 3 1 2 2 1
0.73388686040114 0.644202595228129 4 2 2 3 1 1 2 1
0.73388686040114 0.644202595228129 4 2 2 3 1 1 1 1
0.73388686040114 0.644202595228129 1 2 2 3 1 2 2 1
0.73388686040114 0.644202595228129 1 2 2 3 1 1 2 1
0.73388686040114 0.644202595228129 1 2 2 3 1 1 1 1
0.733566748361927 0.650481372959397 3 3 1 3 1 2 1 2
0.733566748361927 0.650481372959397 3 3 1 3 1 2 1 1
0.733376681838644 0.654667224780243 3 3 1 1 1 2 2 1
0.733346671334967 0.644411887819171 3 2 1 3 1 2 2 2
0.733336667833742 0.644202595228129 3 2 1 3 2 2 2 2
0.733306657330066 0.648388447048974 3 3 1 3 2 2 1 2
0.733306657330066 0.648388447048974 3 3 1 3 2 2 1 1
0.733196618816586 0.654248639598158 3 3 1 1 2 2 2 1
0.732926524283499 0.661364587693596 3 3 1 1 1 2 1 1
0.732826489271245 0.642737547090833 2 3 2 3 1 2 2 2
0.73259640874306 0.659062369192131 3 3 1 1 2 2 1 1
0.732226279197719 0.642946839681875 3 3 1 1 2 2 2 2
0.732226279197719 0.642946839681875 3 3 1 1 1 2 2 2
0.732056219676887 0.64336542486396 4 3 1 3 2 2 2 1
0.732056219676887 0.64336542486396 1 3 1 3 2 2 2 1
0.731936177662182 0.636249476768522 4 2 2 3 2 2 2 1
0.731936177662182 0.636249476768522 4 2 2 3 2 1 2 1
0.731936177662182 0.636249476768522 4 2 2 3 2 1 1 1
0.731936177662182 0.636249476768522 1 2 2 3 2 2 2 1
0.731936177662182 0.636249476768522 1 2 2 3 2 1 2 1
0.731936177662182 0.636249476768522 1 2 2 3 2 1 1 1
0.731866153153604 0.656550858099623 3 3 2 1 2 2 2 1
0.731566048116841 0.647551276684805 3 3 1 2 1 2 1 1
0.731506027109488 0.646295521138552 3 3 2 3 1 2 2 1
0.731476016605812 0.645876935956467 3 3 1 2 2 2 1 1
0.731456009603361 0.651737128505651 3 3 1 2 1 2 1 2
0.731155904566598 0.643574717455002 3 3 2 3 2 2 2 1
0.731075876556795 0.641063206362495 3 2 2 3 1 2 2 1
0.730975841544541 0.641272498953537 3 3 2 2 1 2 2 1
0.730865803031061 0.640226035998326 3 2 2 3 2 2 2 1
0.730645726004101 0.646923398911678 3 2 2 2 1 2 1 1
0.730515680488171 0.641063206362495 2 3 2 2 1 2 1 2
0.730505676986945 0.640853913771453 2 3 2 2 2 2 1 2
0.730485669984495 0.634365843449142 3 3 2 3 2 2 1 1
0.730485669984495 0.634365843449142 3 3 2 3 1 2 1 1
0.730485669984495 0.634365843449142 3 2 2 3 2 2 1 1
0.730485669984495 0.634365843449142 3 2 2 3 1 2 1 1
0.730485669984495 0.634365843449142 2 3 2 3 1 2 1 2
0.730485669984495 0.634365843449142 2 2 2 3 1 2 1 2
0.730475666483269 0.6341565508581 2 3 2 3 2 2 1 2
0.730475666483269 0.6341565508581 2 2 2 3 2 2 1 2
0.730365627969789 0.640226035998326 3 3 2 2 2 2 2 1
0.730335617466113 0.627249895353704 2 3 2 1 1 2 2 2
0.730075526434252 0.646714106320636 3 2 2 2 2 2 1 1
0.72990546691342 0.651946421096693 3 2 2 1 1 2 2 1
0.72944530585705 0.641063206362495 3 2 1 2 1 2 1 1
0.729415295353374 0.634365843449142 4 3 2 3 2 2 2 1
0.729415295353374 0.634365843449142 4 3 2 3 2 1 2 1
0.729415295353374 0.634365843449142 4 3 2 3 2 1 1 1
0.729415295353374 0.634365843449142 1 3 2 3 2 2 2 1
0.729415295353374 0.634365843449142 1 3 2 3 2 1 2 1
0.729415295353374 0.634365843449142 1 3 2 3 2 1 1 1
0.729245235832541 0.638970280452072 3 2 1 2 2 2 1 1
0.729235232331316 0.638970280452072 3 2 2 2 1 2 2 1
0.729135197319062 0.64985349518627 3 2 1 1 1 2 1 1
0.728945130795778 0.649644202595228 3 2 1 1 2 2 1 1
0.728655029260241 0.638551695269987 3 2 2 2 2 2 2 1
0.728524983744311 0.631645039765592 2 3 2 3 2 2 2 2
0.728354924223478 0.631854332356635 3 2 1 1 2 2 2 2
0.728344920722253 0.631645039765592 3 2 1 1 1 2 2 2
0.72817486120142 0.645667643365425 3 2 2 1 2 2 2 1
0.728164857700195 0.628087065717874 3 3 1 2 2 2 2 2
0.728164857700195 0.628087065717874 3 3 1 2 2 2 2 1
0.728164857700195 0.628087065717874 3 3 1 2 1 2 2 2
0.728164857700195 0.628087065717874 3 3 1 2 1 2 2 1
0.728144850697744 0.644202595228129 3 3 1 1 1 2 1 2
0.727914770169559 0.643574717455002 3 3 2 1 2 2 1 1
0.727904766668334 0.64336542486396 3 3 2 1 1 2 1 1
0.727794728154854 0.641900376726664 3 3 1 2 2 2 1 2
0.727784724653629 0.641691084135622 3 3 1 1 2 2 1 2
0.727784724653629 0.636877354541649 3 2 1 1 1 2 2 1
0.727764717651178 0.638551695269987 3 2 1 1 2 2 2 1
0.727544640624219 0.624319799079113 3 2 1 2 2 2 2 2
0.727544640624219 0.624319799079113 3 2 1 2 2 2 2 1
0.727534637122993 0.62411050648807 3 2 1 2 1 2 2 2
0.727534637122993 0.62411050648807 3 2 1 2 1 2 2 1
0.727214525083779 0.634575136040184 2 3 2 1 1 2 1 2
0.727204521582554 0.634365843449142 2 3 2 1 2 2 1 2
0.726624318511479 0.616994558392633 2 3 2 1 2 2 2 2
0.726614315010254 0.616785265801591 2 3 2 2 2 2 2 2
0.726614315010254 0.616785265801591 2 3 2 2 1 2 2 2
0.723663282148752 0.63143574717455 3 2 1 2 1 2 1 2
0.723263142099735 0.622854750941817 2 2 2 2 2 2 1 2
0.723263142099735 0.622854750941817 2 2 2 2 1 2 1 2
0.723203121092382 0.627668480535789 3 2 2 1 2 2 1 1
0.723193117591157 0.627459187944747 3 2 2 1 1 2 1 1
0.723183114089932 0.627668480535789 3 2 1 1 1 2 1 2
0.722993047566648 0.627459187944747 3 2 1 1 2 2 1 2
0.722963037062972 0.627249895353704 3 2 1 2 2 2 1 2
0.722963037062972 0.61950606948514 2 2 2 1 2 2 1 2
0.722963037062972 0.61950606948514 2 2 2 1 1 2 1 2
0.722662932026209 0.620552532440352 2 2 2 3 1 2 2 2
0.722502876006602 0.620343239849309 2 2 2 3 2 2 2 2
0.717731205922073 0.615529510255337 4 2 2 3 2 2 1 1
0.717731205922073 0.615529510255337 1 2 2 3 2 2 1 1
0.717721202420847 0.615320217664295 4 3 2 3 2 2 1 2
0.717721202420847 0.615320217664295 4 3 2 3 2 2 1 1
0.717721202420847 0.615320217664295 4 2 2 3 2 2 1 2
0.717721202420847 0.615320217664295 1 3 2 3 2 2 1 2
0.717721202420847 0.615320217664295 1 3 2 3 2 2 1 1
0.717721202420847 0.615320217664295 1 2 2 3 2 2 1 2
0.717711198919622 0.615110925073252 4 3 2 3 1 2 1 2
0.717711198919622 0.615110925073252 4 3 2 3 1 2 1 1
0.717711198919622 0.615110925073252 4 2 2 3 1 2 1 2
0.717711198919622 0.615110925073252 4 2 2 3 1 2 1 1
0.717711198919622 0.615110925073252 1 3 2 3 1 2 1 2
0.717711198919622 0.615110925073252 1 3 2 3 1 2 1 1
0.717711198919622 0.615110925073252 1 2 2 3 1 2 1 2
0.717711198919622 0.615110925073252 1 2 2 3 1 2 1 1
0.717511128895113 0.600669736291335 2 2 2 1 1 2 2 2
0.717351072875506 0.600460443700293 2 2 2 2 2 2 2 2
0.717351072875506 0.600460443700293 2 2 2 2 1 2 2 2
0.717351072875506 0.600460443700293 2 2 2 1 2 2 2 2
0.716600810283599 0.613227291753872 4 2 2 3 1 1 1 2
0.716440754263992 0.61301799916283 4 2 2 3 2 1 1 2
0.713859850947832 0.601506906655504 4 3 2 3 1 1 1 2
0.713859850947832 0.601506906655504 1 3 2 3 1 1 1 2
0.713859850947832 0.601506906655504 1 2 2 3 1 1 1 2
0.712669434302006 0.595646714106321 1 2 2 3 2 1 1 2
0.710168558995648 0.591460862285475 4 3 2 3 2 1 1 2
0.710168558995648 0.591460862285475 1 3 2 3 2 1 1 2
0.639473815835542 0.612390121389703 2 2 2 3 1 1 1 2
0.639463812334317 0.612180828798661 2 2 2 3 2 1 1 2
0.630920822287801 0.596693177061532 2 2 2 1 1 1 1 2
0.630760766268194 0.59648388447049 2 2 2 1 2 1 1 2
0.629440304106437 0.599204688154039 2 2 2 2 2 1 1 2
0.629440304106437 0.599204688154039 2 2 2 2 1 1 1 2
0.622247786725354 0.568857262452909 2 2 2 2 2 1 2 2
0.622247786725354 0.568857262452909 2 2 2 2 1 1 2 2
0.621977692192267 0.570113017999163 2 2 2 3 1 1 2 2
0.621807632671435 0.569694432817078 2 2 2 3 2 1 2 2
0.618786575301356 0.562369192130599 2 2 2 1 1 1 2 2
0.618626519281749 0.562159899539556 2 2 2 1 2 1 2 2
0.595758515480418 0.496442025952281 4 3 2 2 2 2 1 2
0.595758515480418 0.496442025952281 4 3 2 2 1 2 1 2
0.595758515480418 0.496442025952281 1 3 2 2 2 2 1 2
0.595758515480418 0.496442025952281 1 3 2 2 1 2 1 2
0.593197619166708 0.478024277940561 4 3 2 1 2 2 1 2
0.593197619166708 0.478024277940561 1 3 2 1 2 2 1 2
0.593117591156905 0.477605692758476 4 3 2 1 1 2 1 2
0.593117591156905 0.477605692758476 1 3 2 1 1 2 1 2
0.58822587905767 0.456257848472164 4 3 2 1 1 1 1 2
0.58822587905767 0.456257848472164 1 3 2 1 1 1 1 2
0.584424548592007 0.445374633737966 4 3 2 1 2 1 1 2
0.584424548592007 0.445374633737966 1 3 2 1 2 1 1 2
0.578612514380033 0.583717036416911 4 3 2 1 1 2 2 1
0.578612514380033 0.583717036416911 4 3 2 1 1 1 2 1
0.578612514380033 0.583717036416911 4 3 2 1 1 1 1 1
0.578612514380033 0.583717036416911 1 3 2 1 1 2 2 1
0.578612514380033 0.583717036416911 1 3 2 1 1 1 2 1
0.578612514380033 0.583717036416911 1 3 2 1 1 1 1 1
0.572930525683989 0.576182503139389 4 3 1 1 1 2 1 1
0.572930525683989 0.576182503139389 4 3 1 1 1 1 2 1
0.572930525683989 0.576182503139389 4 3 1 1 1 1 1 1
0.572930525683989 0.576182503139389 1 3 1 1 1 2 1 1
0.572930525683989 0.576182503139389 1 3 1 1 1 1 2 1
0.572930525683989 0.576182503139389 1 3 1 1 1 1 1 1
0.572020207072475 0.580159062369192 4 3 1 1 2 2 1 1
0.572020207072475 0.580159062369192 4 3 1 1 2 1 2 1
0.572020207072475 0.580159062369192 4 3 1 1 2 1 1 1
0.572020207072475 0.580159062369192 1 3 1 1 2 2 1 1
0.572020207072475 0.580159062369192 1 3 1 1 2 1 2 1
0.572020207072475 0.580159062369192 1 3 1 1 2 1 1 1
0.567438603511229 0.544579321892005 4 3 2 1 2 2 2 1
0.567438603511229 0.544579321892005 4 3 2 1 2 1 2 1
0.567438603511229 0.544579321892005 4 3 2 1 2 1 1 1
0.567438603511229 0.544579321892005 1 3 2 1 2 2 2 1
0.567438603511229 0.544579321892005 1 3 2 1 2 1 2 1
0.567438603511229 0.544579321892005 1 3 2 1 2 1 1 1
0.552283299154704 0.550020929259104 1 2 2 1 1 2 2 1
0.552283299154704 0.550020929259104 1 2 2 1 1 1 2 1
0.552283299154704 0.550020929259104 1 2 2 1 1 1 1 1
0.550142549892462 0.542904981163667 4 3 1 1 1 2 1 2
0.550142549892462 0.542904981163667 1 3 1 1 1 2 1 2
0.549122192767469 0.545207199665132 4 3 1 1 2 2 1 2
0.549122192767469 0.545207199665132 1 3 1 1 2 2 1 2
0.548932126244185 0.542904981163667 4 3 1 2 2 2 1 2
0.548932126244185 0.542904981163667 1 3 1 2 2 2 1 2
0.548211874155955 0.533905399748849 1 2 2 1 2 2 2 1
0.548211874155955 0.533905399748849 1 2 2 1 2 1 2 1
0.548211874155955 0.533905399748849 1 2 2 1 2 1 1 1
0.548051818136348 0.555462536626203 1 2 1 1 2 2 1 1
0.548051818136348 0.555462536626203 1 2 1 1 2 1 2 1
0.548051818136348 0.555462536626203 1 2 1 1 2 1 1 1
0.546591306957435 0.547090832984512 1 2 1 1 1 2 1 1
0.546591306957435 0.547090832984512 1 2 1 1 1 1 2 1
0.546591306957435 0.547090832984512 1 2 1 1 1 1 1 1
0.542639923973391 0.528882377563834 4 3 1 2 1 2 1 2
0.542639923973391 0.528882377563834 1 3 1 2 1 2 1 2
0.542259790926824 0.525952281289242 4 3 2 1 2 2 1 1
0.542259790926824 0.525952281289242 1 3 2 1 2 2 1 1
0.542169759415795 0.525324403516116 4 3 2 1 1 2 1 1
0.542169759415795 0.525324403516116 1 3 2 1 1 2 1 1
0.538918621517531 0.423398911678527 4 2 2 2 2 2 1 2
0.538918621517531 0.423398911678527 4 2 2 2 1 2 1 2
0.538918621517531 0.423398911678527 1 2 2 2 2 2 1 2
0.538918621517531 0.423398911678527 1 2 2 2 1 2 1 2
0.536297704196469 0.413980745081624 4 2 2 1 2 2 1 2
0.536297704196469 0.413980745081624 1 2 2 1 2 2 1 2
0.536227679687891 0.413771452490582 4 2 2 1 1 2 1 2
0.536227679687891 0.413771452490582 1 2 2 1 1 2 1 2
0.53620767268544 0.413143574717455 4 2 2 1 2 1 1 2
0.536147651678087 0.413143574717455 4 2 2 1 1 1 1 2
0.523573250637723 0.514859773964002 4 3 1 1 1 1 1 2
0.523573250637723 0.514859773964002 1 3 1 1 1 1 1 2
0.522552893512729 0.517161992465467 4 3 1 1 2 1 1 2
0.522552893512729 0.517161992465467 1 3 1 1 2 1 1 2
0.519211724103436 0.499790707408958 1 2 1 1 2 2 1 2
0.519041664582604 0.497697781498535 1 2 1 2 2 2 1 2
0.517851247936778 0.492884051904563 1 2 1 1 1 2 1 2
0.517841244435552 0.385726245290917 1 2 2 1 1 1 1 2
0.516950932826489 0.381121808287987 1 2 2 1 2 1 1 2
0.513149602360826 0.486605274173294 1 2 2 1 2 2 1 1
0.513059570849797 0.485977396400167 1 2 2 1 1 2 1 1
0.512229280248087 0.484721640853914 1 2 1 2 1 2 1 2
0.504056419746911 0.495186270406028 1 2 1 1 2 1 1 2
0.502695943580253 0.488279614901632 1 2 1 1 1 1 1 2
0.474706147151503 0.440351611552951 4 3 1 1 1 2 2 1
0.474706147151503 0.440351611552951 1 3 1 1 1 2 2 1
0.471475016255689 0.437421515278359 4 3 1 1 2 2 2 1
0.471475016255689 0.437421515278359 1 3 1 1 2 2 2 1
0.458200370129545 0.416910841356216 4 2 2 2 2 1 1 2
0.458200370129545 0.416910841356216 4 2 2 2 1 1 1 2
0.432561396488771 0.38970280452072 1 2 1 1 1 2 2 1
0.431631070874806 0.387819171201339 1 2 1 1 2 2 2 1
0.415345370879808 0.474675596483884 3 2 1 3 1 1 2 1
0.415345370879808 0.474675596483884 3 2 1 3 1 1 1 2
0.415345370879808 0.474675596483884 3 2 1 3 1 1 1 1
0.41516530785775 0.473838426119715 3 2 1 3 2 1 2 1
0.41516530785775 0.473838426119715 3 2 1 3 2 1 1 2
0.41516530785775 0.473838426119715 3 2 1 3 2 1 1 1
0.411594057920272 0.357681038091252 2 3 2 3 1 1 1 2
0.411413994898214 0.356425282544998 2 3 2 3 2 1 1 2
0.410463662281799 0.461699455839263 3 2 2 3 1 1 2 1
0.410463662281799 0.461699455839263 3 2 2 3 1 1 1 1
0.410253588756065 0.460862285475094 3 2 2 3 2 1 2 1
0.410253588756065 0.460862285475094 3 2 2 3 2 1 1 1
0.409293252638423 0.472582670573462 3 2 2 1 1 1 2 1
0.409293252638423 0.472582670573462 3 2 2 1 1 1 1 1
0.408833091582054 0.461699455839263 3 2 1 2 1 1 2 1
0.408833091582054 0.461699455839263 3 2 1 2 1 1 1 1
0.408633021557545 0.459606529928841 3 2 1 2 2 1 2 1
0.408633021557545 0.459606529928841 3 2 1 2 2 1 1 1
0.40862301805632 0.459606529928841 3 2 2 2 1 1 2 1
0.40862301805632 0.459606529928841 3 2 2 2 1 1 1 1
0.408522983044065 0.470489744663039 3 2 1 1 1 1 2 1
0.408522983044065 0.470489744663039 3 2 1 1 1 1 1 1
0.408332916520782 0.470280452071997 3 2 1 1 2 1 2 1
0.408332916520782 0.470280452071997 3 2 1 1 2 1 1 1
0.408042814985245 0.459187944746756 3 2 2 2 2 1 2 1
0.408042814985245 0.459187944746756 3 2 2 2 2 1 1 1
0.407562646926424 0.466303892842193 3 2 2 1 2 1 2 1
0.407562646926424 0.466303892842193 3 2 2 1 2 1 1 1
0.406072125243835 0.352448723315195 2 3 2 1 1 1 1 2
0.405511929175211 0.347844286312265 2 3 2 1 2 1 1 2
0.404991747111489 0.335914608622855 2 3 2 2 2 1 2 2
0.404991747111489 0.335914608622855 2 3 2 2 1 1 2 2
0.402720952333317 0.43386354123064 3 2 1 2 1 1 2 2
0.402540889311259 0.448095437421515 3 2 1 1 1 1 1 2
0.402540889311259 0.43197990791126 3 2 1 2 2 1 2 2
0.402350822787976 0.447886144830473 3 2 1 1 2 1 1 2
0.396328715050268 0.435537881958979 3 2 1 3 2 1 2 2
0.396328715050268 0.435537881958979 3 2 1 3 1 1 2 2
0.394277997299055 0.317287568020092 2 3 2 2 2 1 1 2
0.394277997299055 0.317287568020092 2 3 2 2 1 1 1 2
0.39312759465813 0.427794056090414 3 2 1 1 2 1 2 2
0.39312759465813 0.427794056090414 3 2 1 1 1 1 2 2
0.393007552643425 0.447467559648388 1 2 1 2 2 2 1 1
0.393007552643425 0.447467559648388 1 2 1 2 2 1 2 1
0.393007552643425 0.447467559648388 1 2 1 2 2 1 1 1
0.392267293552743 0.427794056090414 3 2 1 2 1 1 1 2
0.392067223528235 0.425701130179992 3 2 1 2 2 1 1 2
0.391206922422848 0.312683131017162 2 3 2 3 1 1 2 2
0.390806782373831 0.308706571787359 2 3 2 3 2 1 2 2
0.390716750862802 0.310171619924655 2 3 2 1 1 1 2 2
0.390346621317461 0.437421515278359 1 2 1 2 1 2 1 1
0.390346621317461 0.437421515278359 1 2 1 2 1 1 2 1
0.390346621317461 0.437421515278359 1 2 1 2 1 1 1 1
0.390316610813785 0.306404353285894 2 3 2 1 2 1 2 2
0.38413444705647 0.443700293009627 1 2 2 2 1 2 1 1
0.383454208973141 0.442653830054416 1 2 2 2 2 2 1 1
0.380543190116541 0.427584763499372 1 2 2 2 1 2 2 1
0.380543190116541 0.427584763499372 1 2 2 2 1 1 2 1
0.380543190116541 0.427584763499372 1 2 2 2 1 1 1 1
0.379852948531986 0.426329007953118 1 2 2 2 2 2 2 1
0.379852948531986 0.426329007953118 1 2 2 2 2 1 2 1
0.379852948531986 0.426329007953118 1 2 2 2 2 1 1 1
0.369609363277147 0.324822101297614 4 2 2 1 1 2 2 1
0.369609363277147 0.324822101297614 4 2 2 1 1 1 2 1
0.369609363277147 0.324822101297614 4 2 2 1 1 1 1 1
0.368538988646026 0.322729175387191 4 2 1 1 1 2 1 1
0.368538988646026 0.322729175387191 4 2 1 1 1 1 2 1
0.368538988646026 0.322729175387191 4 2 1 1 1 1 1 1
0.368518981643575 0.322101297614064 4 2 1 1 2 2 1 1
0.368518981643575 0.322101297614064 4 2 1 1 2 1 2 1
0.368518981643575 0.322101297614064 4 2 1 1 2 1 1 1
0.366468263892362 0.311008790288824 4 2 2 1 2 2 2 1
0.366468263892362 0.311008790288824 4 2 2 1 2 1 2 1
0.366468263892362 0.311008790288824 4 2 2 1 2 1 1 1
0.36220677237033 0.416073670992047 4 3 1 2 2 2 1 1
0.36220677237033 0.416073670992047 4 3 1 2 2 1 2 1
0.36220677237033 0.416073670992047 4 3 1 2 2 1 1 1
0.36220677237033 0.416073670992047 1 3 1 2 2 2 1 1
0.36220677237033 0.416073670992047 1 3 1 2 2 1 2 1
0.36220677237033 0.416073670992047 1 3 1 2 2 1 1 1
0.359315760516181 0.406027626622018 4 3 1 2 1 2 1 1
0.359315760516181 0.406027626622018 4 3 1 2 1 1 2 1
0.359315760516181 0.406027626622018 4 3 1 2 1 1 1 1
0.359315760516181 0.406027626622018 1 3 1 2 1 2 1 1
0.359315760516181 0.406027626622018 1 3 1 2 1 1 2 1
0.359315760516181 0.406027626622018 1 3 1 2 1 1 1 1
0.358265392887511 0.298241942235245 4 3 2 2 2 1 1 2
0.358265392887511 0.298241942235245 4 3 2 2 1 1 1 2
0.358265392887511 0.298241942235245 1 3 2 2 2 1 1 2
0.358265392887511 0.298241942235245 1 3 2 2 1 1 1 2
0.354504076426749 0.417538719129343 4 3 2 2 1 2 1 1
0.354504076426749 0.417538719129343 1 3 2 2 1 2 1 1
0.353723803331166 0.414817915445793 4 3 2 2 2 2 1 1
0.353723803331166 0.414817915445793 1 3 2 2 2 2 1 1
0.352823488220877 0.296986186688991 4 2 1 1 2 2 2 1
0.352813484719652 0.297404771871076 4 2 1 1 1 2 2 1
0.345640974341019 0.378610297195479 4 3 2 2 1 2 2 1
0.345640974341019 0.378610297195479 4 3 2 2 1 1 2 1
0.345640974341019 0.378610297195479 4 3 2 2 1 1 1 1
0.345640974341019 0.378610297195479 1 3 2 2 1 2 2 1
0.345640974341019 0.378610297195479 1 3 2 2 1 1 2 1
0.345640974341019 0.378610297195479 1 3 2 2 1 1 1 1
0.34485069774421 0.375680200920887 4 3 2 2 2 2 2 1
0.34485069774421 0.375680200920887 4 3 2 2 2 1 2 1
0.34485069774421 0.375680200920887 4 3 2 2 2 1 1 1
0.34485069774421 0.375680200920887 1 3 2 2 2 2 2 1
0.34485069774421 0.375680200920887 1 3 2 2 2 1 2 1
0.34485069774421 0.375680200920887 1 3 2 2 2 1 1 1
0.343570249587356 0.289451653411469 1 2 2 2 2 1 1 2
0.343570249587356 0.289451653411469 1 2 2 2 1 1 1 2
0.334307007452608 0.396609460025115 3 3 2 1 1 1 2 1
0.334307007452608 0.396609460025115 3 3 2 1 1 1 1 1
0.333966888410944 0.378819589786522 3 3 1 3 1 1 2 1
0.333966888410944 0.378819589786522 3 3 1 3 1 1 1 2
0.333966888410944 0.378819589786522 3 3 1 3 1 1 1 1
0.333706797379083 0.376726663876099 3 3 1 3 2 1 2 1
0.333706797379083 0.376726663876099 3 3 1 3 2 1 1 2
0.333706797379083 0.376726663876099 3 3 1 3 2 1 1 1
0.333326664332516 0.38970280452072 3 3 1 1 1 1 2 1
0.333326664332516 0.38970280452072 3 3 1 1 1 1 1 1
0.332996548792077 0.387400586019255 3 3 1 1 2 1 2 1
0.332996548792077 0.387400586019255 3 3 1 1 2 1 1 1
0.332266293202621 0.384889074926748 3 3 2 1 2 1 2 1
0.332266293202621 0.384889074926748 3 3 2 1 2 1 1 1
0.331966188165858 0.37588949351193 3 3 1 2 1 1 2 1
0.331966188165858 0.37588949351193 3 3 1 2 1 1 1 1
0.331906167158505 0.374633737965676 3 3 2 3 1 1 2 1
0.331906167158505 0.374633737965676 3 3 2 3 1 1 1 1
0.331876156654829 0.374215152783591 3 3 1 2 2 1 2 1
0.331876156654829 0.374215152783591 3 3 1 2 2 1 1 1
0.331556044615615 0.371912934282126 3 3 2 3 2 1 2 1
0.331556044615615 0.371912934282126 3 3 2 3 2 1 1 1
0.331375981593558 0.369610715780661 3 3 2 2 1 1 2 1
0.331375981593558 0.369610715780661 3 3 2 2 1 1 1 1
0.330765768018807 0.36856425282545 3 3 2 2 2 1 2 1
0.330765768018807 0.36856425282545 3 3 2 2 2 1 1 1
0.329495323363177 0.274382586856425 4 2 1 1 1 2 1 2
0.329475316360726 0.273754709083298 4 2 1 1 2 2 1 2
0.329465312859501 0.273545416492256 4 2 1 2 2 2 1 2
0.328274896213675 0.370238593553788 3 3 1 1 1 1 1 2
0.327914770169559 0.367727082461281 3 3 1 1 2 1 1 2
0.327914770169559 0.274173294265383 4 2 2 1 2 2 1 1
0.327844745660981 0.273964001674341 4 2 2 1 1 2 1 1
0.327784724653629 0.273336123901214 4 2 1 2 1 2 1 2
0.326214174961236 0.349937212222687 3 3 1 2 1 1 2 2
0.326024108437953 0.347844286312265 3 3 1 2 2 1 2 2
0.319871955184314 0.370029300962746 1 2 1 2 2 1 1 2
0.317421097384084 0.362285475094182 1 2 1 2 1 1 1 2
0.313259640874306 0.331519464210967 3 3 1 3 2 1 2 2
0.313259640874306 0.331519464210967 3 3 1 3 1 1 2 2
0.312759465813035 0.32900795311846 3 3 1 1 2 1 2 2
0.312759465813035 0.32900795311846 3 3 1 1 1 1 2 2
0.311859150702746 0.322101297614064 3 3 1 2 1 1 1 2
0.311689091181914 0.320217664294684 3 3 1 2 2 1 1 2
0.31090881808633 0.268940979489326 4 2 1 1 1 1 1 2
0.310888811083879 0.268313101716199 4 2 1 1 2 1 1 2
0.288310908818086 0.317706153202177 4 2 2 2 1 2 1 1
0.288200870304607 0.316868982838008 4 2 2 2 2 2 1 1
0.287760716250688 0.305985768103809 4 2 1 2 2 2 1 1
0.287760716250688 0.305985768103809 4 2 1 2 2 1 2 1
0.287760716250688 0.305985768103809 4 2 1 2 2 1 1 1
0.287680688240884 0.305776475512767 4 2 1 2 1 2 1 1
0.287680688240884 0.305776475512767 4 2 1 2 1 1 2 1
0.287680688240884 0.305776475512767 4 2 1 2 1 1 1 1
0.28758065322863 0.32356634575136 4 2 1 3 2 2 2 2
0.28758065322863 0.32356634575136 4 2 1 3 1 2 2 2
0.28758065322863 0.32356634575136 1 2 1 3 2 2 2 2
0.28758065322863 0.32356634575136 1 2 1 3 1 2 2 2
0.285549942479868 0.321892005023022 4 2 1 3 2 1 2 2
0.285549942479868 0.321892005023022 4 2 1 3 1 1 2 2
0.285199819936978 0.304311427375471 4 2 2 2 1 2 2 1
0.285199819936978 0.304311427375471 4 2 2 2 1 1 2 1
0.285199819936978 0.304311427375471 4 2 2 2 1 1 1 1
0.285089781423498 0.303474257011302 4 2 2 2 2 2 2 1
0.285089781423498 0.303474257011302 4 2 2 2 2 1 2 1
0.285089781423498 0.303474257011302 4 2 2 2 2 1 1 1
0.275206322212774 0.293637505232315 4 3 1 2 2 1 1 2
0.275206322212774 0.293637505232315 1 3 1 2 2 1 1 2
0.274125944080428 0.291963164503977 4 2 1 1 2 2 2 2
0.274125944080428 0.291963164503977 1 2 1 1 2 2 2 2
0.27405591957185 0.291753871912934 4 2 1 1 1 2 2 2
0.27405591957185 0.291753871912934 1 2 1 1 1 2 2 2
0.272845495923573 0.289242360820427 4 3 1 2 1 1 1 2
0.272845495923573 0.289242360820427 1 3 1 2 1 1 1 2
0.272095233331666 0.290288823775638 4 2 1 1 2 1 2 2
0.272025208823088 0.290079531184596 4 2 1 1 1 1 2 2
0.271264942729955 0.308287986605274 4 3 1 3 2 2 2 2
0.271264942729955 0.308287986605274 4 3 1 3 1 2 2 2
0.271264942729955 0.308287986605274 1 3 1 3 2 2 2 2
0.271264942729955 0.308287986605274 1 3 1 3 1 2 2 2
0.271224928725054 0.281079949769778 4 2 1 2 2 2 2 2
0.271224928725054 0.281079949769778 4 2 1 2 2 2 2 1
0.271224928725054 0.281079949769778 1 2 1 2 2 2 2 2
0.271224928725054 0.281079949769778 1 2 1 2 2 2 2 1
0.271154904216476 0.280870657178736 4 2 1 2 1 2 2 2
0.271154904216476 0.280870657178736 4 2 1 2 1 2 2 1
0.271154904216476 0.280870657178736 1 2 1 2 1 2 2 2
0.271154904216476 0.280870657178736 1 2 1 2 1 2 2 1
0.271134897214025 0.280242779405609 4 2 1 2 2 1 2 2
0.271074876206672 0.280242779405609 4 2 1 2 1 1 2 2
0.26285199819937 0.294683968187526 4 3 1 1 2 2 2 2
0.26285199819937 0.294683968187526 1 3 1 1 2 2 2 2
0.262781973690792 0.294474675596484 4 3 1 1 1 2 2 2
0.262781973690792 0.294474675596484 1 3 1 1 1 2 2 2
0.25492922522883 0.265383005441607 4 3 1 2 2 2 2 2
0.25492922522883 0.265383005441607 4 3 1 2 2 2 2 1
0.25492922522883 0.265383005441607 1 3 1 2 2 2 2 2
0.25492922522883 0.265383005441607 1 3 1 2 2 2 2 1
0.254859200720252 0.265173712850565 4 3 1 2 1 2 2 2
0.254859200720252 0.265173712850565 4 3 1 2 1 2 2 1
0.254859200720252 0.265173712850565 1 3 1 2 1 2 2 2
0.254859200720252 0.265173712850565 1 3 1 2 1 2 2 1
0.252798479467814 0.253034742570113 1 2 1 2 1 1 2 2
0.252658430450658 0.250523231477606 1 2 1 2 2 1 2 2
0.251277947281549 0.280242779405609 4 2 2 3 1 2 2 2
0.251247936777872 0.271243197990791 4 3 2 3 1 2 2 2
0.251247936777872 0.271243197990791 1 3 2 3 1 2 2 2
0.250977842244786 0.249267475931352 4 3 1 2 1 1 2 2
0.250977842244786 0.249267475931352 1 3 1 2 1 1 2 2
0.250787775721503 0.279824194223525 4 2 2 3 2 2 2 2
0.250587705696994 0.245081624110506 4 3 1 2 2 1 2 2
0.250587705696994 0.245081624110506 1 3 1 2 2 1 2 2
0.248797078977642 0.26015069066555 4 3 2 3 2 2 2 2
0.248797078977642 0.26015069066555 1 3 2 3 2 2 2 2
0.248046816385735 0.263080786940142 1 2 2 3 1 2 2 2
0.247166508277897 0.259104227710339 1 2 2 3 2 2 2 2
0.246936427749712 0.279196316450398 1 2 1 3 2 1 2 2
0.246936427749712 0.279196316450398 1 2 1 3 1 1 2 2
0.242204771670085 0.256592716617832 4 3 2 1 1 2 2 2
0.242204771670085 0.256592716617832 1 3 2 1 1 2 2 2
0.240314109938478 0.245918794474676 4 3 2 2 1 2 2 2
0.240314109938478 0.245918794474676 1 3 2 2 1 2 2 2
0.240294102936028 0.245709501883633 4 3 2 2 2 2 2 2
0.240294102936028 0.245709501883633 4 3 2 1 2 2 2 2
0.240294102936028 0.245709501883633 1 3 2 2 2 2 2 2
0.240294102936028 0.245709501883633 1 3 2 1 2 2 2 2
0.239573850847797 0.250523231477606 4 3 1 3 2 1 2 2
0.239573850847797 0.250523231477606 4 3 1 3 1 1 2 2
0.239573850847797 0.250523231477606 1 3 1 3 2 1 2 2
0.239573850847797 0.250523231477606 1 3 1 3 1 1 2 2
0.237213024558595 0.246546672247802 4 2 2 2 2 2 2 2
0.237213024558595 0.246546672247802 4 2 2 2 1 2 2 2
0.237213024558595 0.246546672247802 4 2 2 1 2 2 2 2
0.237163007052468 0.246755964838845 4 2 2 1 1 2 2 2
0.236802881008353 0.253453327752198 1 2 1 1 2 1 2 2
0.236732856499775 0.253244035161155 1 2 1 1 1 1 2 2
0.234352023208123 0.241523650062788 4 3 1 1 2 1 2 2
0.234352023208123 0.241523650062788 1 3 1 1 2 1 2 2
0.234281998699545 0.241314357471746 4 3 1 1 1 1 2 2
0.234281998699545 0.241314357471746 1 3 1 1 1 1 2 2
0.233881858650528 0.229384679782336 1 2 2 1 1 2 2 2
0.233541739608863 0.225617413143575 1 2 2 2 2 2 2 2
0.233541739608863 0.225617413143575 1 2 2 2 1 2 2 2
0.233541739608863 0.225617413143575 1 2 2 1 2 2 2 2
0.225458910618717 0.248848890749267 4 2 1 2 2 1 1 2
0.225398889611364 0.248848890749267 4 2 1 2 1 1 1 2
0.218626519281749 0.241105064880703 4 2 2 2 2 1 2 2
0.218626519281749 0.241105064880703 4 2 2 2 1 1 2 2
0.218416445756015 0.221222268731687 1 2 2 2 2 1 2 2
0.218416445756015 0.221222268731687 1 2 2 2 1 1 2 2
0.217716200670235 0.247174550020929 4 2 2 3 1 1 2 2
0.217236032611414 0.246965257429887 4 2 2 3 2 1 2 2
0.214014905216826 0.220175805776476 4 3 2 2 1 1 2 2
0.214014905216826 0.220175805776476 1 3 2 2 1 1 2 2
0.213994898214375 0.219966513185433 4 3 2 2 2 1 2 2
0.213994898214375 0.219966513185433 1 3 2 2 2 1 2 2
0.213694793177612 0.228966094600251 4 2 2 1 2 1 2 2
0.21363477217026 0.228966094600251 4 2 2 1 1 1 2 2
0.201330465662982 0.22519882796149 1 2 2 3 1 1 2 2
0.200680238083329 0.222896609460025 1 2 2 3 2 1 2 2
0.198549492322313 0.253453327752198 2 3 1 3 2 2 1 2
0.198549492322313 0.253453327752198 2 3 1 3 2 2 1 1
0.198469464312509 0.253034742570113 2 3 1 3 1 2 1 2
0.198469464312509 0.253034742570113 2 3 1 3 1 2 1 1
0.197879257740209 0.245500209292591 2 2 1 3 2 2 1 2
0.197879257740209 0.245500209292591 2 2 1 3 2 2 1 1
0.197879257740209 0.245500209292591 2 2 1 3 1 2 1 2
0.197879257740209 0.245500209292591 2 2 1 3 1 2 1 1
0.197609163207122 0.243825868564253 2 3 1 3 2 2 2 1
0.197609163207122 0.243825868564253 2 3 1 3 1 2 2 1
0.197609163207122 0.243825868564253 2 2 1 3 2 2 2 1
0.197609163207122 0.243825868564253 2 2 1 3 1 2 2 1
0.197379082678938 0.245081624110506 2 3 1 1 2 2 1 1
0.19732906517281 0.245290916701549 2 3 1 1 2 2 1 2
0.197269044165458 0.245081624110506 2 3 1 2 2 2 1 2
0.197239033661782 0.240058601925492 2 3 2 3 1 2 2 1
0.197229030160556 0.23984930933445 3 3 2 3 2 2 1 2
0.197229030160556 0.23984930933445 3 3 2 3 1 2 1 2
0.197229030160556 0.23984930933445 3 2 2 3 2 2 1 2
0.197229030160556 0.23984930933445 3 2 2 3 1 2 1 2
0.197229030160556 0.23984930933445 2 3 2 3 2 2 1 1
0.197229030160556 0.23984930933445 2 3 2 3 1 2 1 1
0.197229030160556 0.23984930933445 2 2 2 3 2 2 1 1
0.197229030160556 0.23984930933445 2 2 2 3 1 2 2 1
0.197229030160556 0.23984930933445 2 2 2 3 1 2 1 1
0.197219026659331 0.206990372540812 1 2 2 1 1 1 2 2
0.197189016155654 0.242779405609041 2 3 1 1 1 2 1 1
0.197138998649527 0.242988698200084 2 3 1 1 1 2 1 2
0.197108988145851 0.204897446630389 1 2 2 1 2 1 2 2
0.196748862101736 0.23901213897028 2 3 1 2 1 2 1 2
0.196748862101736 0.238593553788196 2 3 2 1 1 2 2 1
0.196708848096834 0.238802846379238 2 3 2 1 1 2 1 1
0.196688841094383 0.238593553788196 2 3 2 1 2 2 1 1
0.196638823588256 0.239221431561323 2 2 2 3 2 2 2 1
0.19662882008703 0.23901213897028 2 3 2 3 2 2 2 1
0.196228680038013 0.237965676015069 3 3 2 1 1 2 1 2
0.196208673035562 0.237756383424027 3 3 2 1 2 2 1 2
0.195948582003701 0.244872331519464 2 2 1 3 2 1 2 1
0.195948582003701 0.244872331519464 2 2 1 3 2 1 1 2
0.195948582003701 0.244872331519464 2 2 1 3 2 1 1 1
0.195948582003701 0.244872331519464 2 2 1 3 1 1 2 1
0.195948582003701 0.244872331519464 2 2 1 3 1 1 1 2
0.195948582003701 0.244872331519464 2 2 1 3 1 1 1 1
0.195898564497574 0.235244872331519 2 3 2 1 2 2 2 1
0.195788525984094 0.238802846379238 3 3 2 2 2 2 1 2
0.195788525984094 0.238802846379238 3 3 2 2 1 2 1 2
0.195298354424048 0.239221431561323 2 2 2 3 1 1 2 1
0.195298354424048 0.239221431561323 2 2 2 3 1 1 1 1
0.194708147851748 0.238593553788196 2 2 2 3 2 1 2 1
0.194708147851748 0.238593553788196 2 2 2 3 2 1 1 1
0.193167608663032 0.223943072415237 3 2 2 1 1 2 1 2
0.193147601660581 0.223733779824194 3 2 2 1 2 2 1 2
0.192677437102986 0.224152365006279 3 2 2 2 2 2 1 2
0.192677437102986 0.224152365006279 3 2 2 2 1 2 1 2
0.191557044965738 0.223943072415237 2 3 1 1 2 2 2 1
0.191517030960836 0.223733779824194 2 3 1 1 1 2 2 1
0.185584954734157 0.177061532021766 4 3 2 3 1 1 2 2
0.185584954734157 0.177061532021766 1 3 2 3 1 1 2 2
0.18507477617166 0.172247802427794 4 3 2 1 1 1 2 2
0.18507477617166 0.172247802427794 1 3 2 1 1 1 2 2
0.184704646626319 0.168271243197991 4 3 2 1 2 1 2 2
0.184704646626319 0.168271243197991 1 3 2 1 2 1 2 2
0.184674636122643 0.172875680200921 4 3 2 3 2 1 2 2
0.184674636122643 0.172875680200921 1 3 2 3 2 1 2 2
0.183934377031961 0.205106739221432 2 2 1 1 2 2 1 1
0.183934377031961 0.205106739221432 2 2 1 1 1 2 1 1
0.183894363027059 0.205316031812474 2 2 1 2 2 2 1 2
0.183894363027059 0.205316031812474 2 2 1 1 2 2 1 2
0.183894363027059 0.205316031812474 2 2 1 1 1 2 1 2
0.183864352523383 0.204688154039347 2 2 2 1 1 2 2 1
0.183824338518481 0.204897446630389 2 2 2 1 2 2 1 1
0.183824338518481 0.204897446630389 2 2 2 1 1 2 1 1
0.183824338518481 0.204897446630389 2 2 1 2 1 2 1 2
0.183654278997649 0.202804520719967 2 2 2 1 2 2 2 1
0.183074075926574 0.212431979907911 2 3 2 2 2 2 1 1
0.183074075926574 0.212431979907911 2 3 2 2 1 2 1 1
0.182303806332216 0.210966931770615 2 3 1 2 2 2 1 1
0.182213774821187 0.209083298451235 2 3 1 2 1 2 1 1
0.182203771319962 0.208874005860193 2 3 2 2 2 2 2 1
0.182203771319962 0.208874005860193 2 3 2 2 1 2 2 1
0.182003701295453 0.204478861448305 2 2 1 1 2 1 2 1
0.182003701295453 0.204478861448305 2 2 1 1 2 1 1 1
0.182003701295453 0.204478861448305 2 2 1 1 1 1 2 1
0.182003701295453 0.204478861448305 2 2 1 1 1 1 1 1
0.181933676786875 0.204269568857262 2 2 1 1 2 1 1 2
0.181933676786875 0.204269568857262 2 2 1 1 1 1 1 2
0.181933676786875 0.20406027626622 2 2 2 1 1 1 2 1
0.181933676786875 0.20406027626622 2 2 2 1 1 1 1 1
0.181723603261141 0.20217664294684 2 2 2 1 2 1 2 1
0.181723603261141 0.20217664294684 2 2 2 1 2 1 1 1
0.180843295153304 0.199665131854332 2 2 1 1 2 2 2 1
0.180843295153304 0.199665131854332 2 2 1 1 1 2 2 1
0.180823288150853 0.202385935537882 2 2 2 2 2 2 1 1
0.180823288150853 0.202385935537882 2 2 2 2 1 2 1 1
0.180613214625119 0.200502302218501 2 2 2 2 2 2 2 1
0.180613214625119 0.200502302218501 2 2 2 2 1 2 2 1
0.180613214625119 0.200502302218501 2 2 1 2 2 2 1 1
0.180613214625119 0.200502302218501 2 2 1 2 1 2 1 1
0.178682538888611 0.199874424445375 2 2 2 2 2 1 2 1
0.178682538888611 0.199874424445375 2 2 2 2 2 1 1 1
0.178682538888611 0.199874424445375 2 2 2 2 1 1 2 1
0.178682538888611 0.199874424445375 2 2 2 2 1 1 1 1
0.178682538888611 0.199874424445375 2 2 1 2 2 1 2 1
0.178682538888611 0.199874424445375 2 2 1 2 2 1 1 1
0.178682538888611 0.199874424445375 2 2 1 2 1 1 2 1
0.178682538888611 0.199874424445375 2 2 1 2 1 1 1 1
0.178612514380033 0.199665131854332 2 2 1 2 2 1 1 2
0.178612514380033 0.199665131854332 2 2 1 2 1 1 1 2
0.177872255289351 0.198200083717036 3 2 2 3 1 2 2 2
0.177862251788126 0.197990791125994 3 3 2 3 1 2 2 2
0.177862251788126 0.197990791125994 2 3 1 3 2 2 2 2
0.177862251788126 0.197990791125994 2 3 1 3 1 2 2 2
0.1778522482869 0.197990791125994 2 2 1 3 2 2 2 2
0.1778522482869 0.197990791125994 2 2 1 3 1 2 2 2
0.17783224128445 0.19757220594391 2 3 1 1 2 2 2 2
0.17783224128445 0.19757220594391 2 3 1 1 1 2 2 2
0.177802230780773 0.197362913352867 2 2 1 1 2 2 2 2
0.177802230780773 0.197362913352867 2 2 1 1 1 2 2 2
0.177752213274646 0.19673503557974 3 3 2 1 1 2 2 2
0.177702195768519 0.196107157806614 3 2 2 1 1 2 2 2
0.177642174761166 0.196107157806614 3 2 2 3 2 2 2 2
0.177592157255039 0.195479280033487 2 2 1 2 2 2 2 2
0.177592157255039 0.195479280033487 2 2 1 2 2 2 2 1
0.177592157255039 0.195479280033487 2 2 1 2 1 2 2 2
0.177592157255039 0.195479280033487 2 2 1 2 1 2 2 1
0.177592157255039 0.195269987442445 3 3 2 3 2 2 2 2
0.177562146751363 0.19485140226036 2 3 1 2 2 2 2 2
0.177562146751363 0.19485140226036 2 3 1 2 2 2 2 1
0.177562146751363 0.19485140226036 2 3 1 2 1 2 2 2
0.177562146751363 0.19485140226036 2 3 1 2 1 2 2 1
0.17748211874156 0.194014231896191 3 3 2 2 2 2 2 2
0.17748211874156 0.194014231896191 3 3 2 2 1 2 2 2
0.17748211874156 0.194014231896191 3 3 2 1 2 2 2 2
0.177472115240334 0.194014231896191 3 2 2 2 2 2 2 2
0.177472115240334 0.194014231896191 3 2 2 2 1 2 2 2
0.177472115240334 0.194014231896191 3 2 2 1 2 2 2 2
0.175921572550393 0.197362913352867 2 2 1 3 2 1 2 2
0.175921572550393 0.197362913352867 2 2 1 3 1 1 2 2
0.175871555044265 0.19673503557974 2 2 1 1 2 1 2 2
0.175871555044265 0.19673503557974 2 2 1 1 1 1 2 2
0.175661481518531 0.19485140226036 2 2 1 2 2 1 2 2
0.175661481518531 0.19485140226036 2 2 1 2 1 1 2 2
0.173360676236683 0.226245290916702 2 3 1 3 2 1 2 1
0.173360676236683 0.226245290916702 2 3 1 3 2 1 1 2
0.173360676236683 0.226245290916702 2 3 1 3 2 1 1 1
0.173280648226879 0.225826705734617 2 3 1 3 1 1 2 1
0.173280648226879 0.225826705734617 2 3 1 3 1 1 1 2
0.173280648226879 0.225826705734617 2 3 1 3 1 1 1 1
0.172190266593308 0.21787358727501 2 3 1 1 2 1 2 1
0.172190266593308 0.21787358727501 2 3 1 1 2 1 1 1
0.172100235082279 0.217455002092926 2 3 1 1 2 1 1 2
0.172050217576152 0.212850565089996 2 3 2 3 1 1 2 1
0.172050217576152 0.212850565089996 2 3 2 3 1 1 1 1
0.172000200070025 0.215571368773545 2 3 1 1 1 1 2 1
0.172000200070025 0.215571368773545 2 3 1 1 1 1 1 1
0.171910168558996 0.215152783591461 2 3 1 1 1 1 1 2
0.171560046016106 0.2113855169527 2 3 2 1 1 1 2 1
0.171560046016106 0.2113855169527 2 3 2 1 1 1 1 1
0.1714400040014 0.211804102134784 2 3 2 3 2 1 2 1
0.1714400040014 0.211804102134784 2 3 2 3 2 1 1 1
0.170709748411944 0.208036835496023 2 3 2 1 2 1 2 1
0.170709748411944 0.208036835496023 2 3 2 1 2 1 1 1
0.157114990246586 0.183758894935119 2 3 1 2 2 1 2 1
0.157114990246586 0.183758894935119 2 3 1 2 2 1 1 1
0.157024958735557 0.181875261615739 2 3 1 2 1 1 2 1
0.157024958735557 0.181875261615739 2 3 1 2 1 1 1 1
0.157014955234332 0.183131017161992 2 3 1 2 2 1 1 2
0.157014955234332 0.181665969024697 2 3 2 2 2 1 2 1
0.157014955234332 0.181665969024697 2 3 2 2 2 1 1 1
0.157014955234332 0.181665969024697 2 3 2 2 1 1 2 1
0.157014955234332 0.181665969024697 2 3 2 2 1 1 1 1
0.156924923723303 0.181247383842612 2 3 1 2 1 1 1 2
0.152613414695143 0.170364169108414 2 3 1 3 2 1 2 2
0.152613414695143 0.170364169108414 2 3 1 3 1 1 2 2
0.152583404191467 0.169945583926329 2 3 1 1 2 1 2 2
0.152583404191467 0.169945583926329 2 3 1 1 1 1 2 2
0.152373330665733 0.167643365424864 2 3 1 2 1 1 2 2
0.152333316660831 0.167434072833822 2 3 1 2 2 1 2 2
0.140549192217276 0.191084135621599 3 2 2 3 2 1 1 2
0.140549192217276 0.191084135621599 3 2 2 3 1 1 1 2
0.136457760216076 0.174759313520301 3 2 2 1 1 1 1 2
0.13633771820137 0.173503557974048 3 2 2 1 2 1 1 2
0.129615365377882 0.165550439514441 3 3 2 3 2 1 1 2
0.129615365377882 0.165550439514441 3 3 2 3 1 1 1 2
0.128595008252888 0.163457513604018 3 3 2 1 1 1 1 2
0.128514980243085 0.162829635830892 3 3 2 1 2 1 1 2
0.125934076926924 0.163876098786103 3 2 2 2 2 1 1 2
0.125934076926924 0.163876098786103 3 2 2 2 1 1 1 2
0.120332116240684 0.146295521138552 3 2 2 3 1 1 2 2
0.120252088230881 0.145458350774383 3 2 2 1 1 1 2 2
0.120212074225979 0.145039765592298 3 2 2 3 2 1 2 2
0.120202070724754 0.144411887819171 3 2 2 2 2 1 2 2
0.120202070724754 0.144411887819171 3 2 2 2 1 1 2 2
0.120132046216176 0.144202595228129 3 2 2 1 2 1 2 2
0.114069924473566 0.135203013813311 3 3 2 2 2 1 1 2
0.114069924473566 0.135203013813311 3 3 2 2 1 1 1 2
0.109348271895163 0.119924654667225 3 3 2 3 1 1 2 2
0.109288250887811 0.119087484303056 3 3 2 2 2 1 2 2
0.109288250887811 0.119087484303056 3 3 2 2 1 1 2 2
0.109278247386585 0.119296776894098 3 3 2 1 1 1 2 2
0.10926824388536 0.119296776894098 3 3 2 3 2 1 2 2
0.109198219376782 0.118668899120971 3 3 2 1 2 1 2 2