0.75 10
0.747709266965429 5
0.745328505121639 5
0.744608274647887 10
0.738566341229193 2
0.738386283610755 1
0.738296254801536 1
0.73675576184379 2
0.736575704225352 2
0.736225592189501 1
0.736205585787452 5
0.735605393725992 1
0.7354853553137 1
0.734985195262484 6
0.734775128040973 1
0.734585067221511 1
0.734425016005122 1
0.734395006402049 4
0.734385003201024 1
0.734375 1
0.734104913572343 1
0.734034891165173 2
0.73393485915493 5
0.733764804737516 2
0.733134603072983 1
0.733074583866837 6
0.732934539052497 1
0.732504401408451 1
0.732494398207426 1
0.73236435659411 2
0.732124279769526 2
0.731754161331626 1
0.731614116517286 1
0.731604113316261 1
0.731544094110115 1
0.73139404609475 1
0.731243998079385 1
0.73102392765685 1
0.730973911651729 1
0.73095390524968 6
0.730483754801536 6
0.730473751600512 2
0.730383722791293 1
0.730373719590269 1
0.730333706786172 1
0.729993597951344 1
0.72954345390525 1
0.729423415492958 1
0.729133322663252 2
0.729103313060179 6
0.728973271446863 1
0.72864316581306 1
0.728453104993598 1
0.728243037772087 1
0.72820302496799 1
0.728002960947503 1
0.727982954545455 1
0.727952944942382 1
0.727722871318822 5
0.727712868117798 1
0.727612836107554 1
0.72760283290653 1
0.727542813700384 1
0.727402768886043 1
0.727282730473752 1
0.727262724071703 1
0.727242717669654 1
0.72723271446863 1
0.726752560819462 1
0.726742557618438 1
0.726292413572343 2
0.726282410371319 2
0.725942301536492 1
0.725932298335467 2
0.722391165172855 1
0.721931017925736 1
0.721921014724712 1
0.721911011523688 1
0.721720950704225 1
0.721690941101152 1
0.721530889884763 2
0.72136083546735 1
0.721230793854033 2
0.72120078425096 1
0.716399247759283 2
0.716389244558259 6
0.716379241357234 8
0.716219190140845 1
0.716059138924456 1
0.715448943661972 1
0.715288892445583 3
0.712247919334187 1
0.712077864916773 2
0.711067541613316 1
0.708046574903969 2
0.642745678617157 1
0.642735675416133 1
0.63341269206146 1
0.63325264084507 1
0.631942221510884 2
0.624089708706786 1
0.623919654289373 1
0.623319462227913 2
0.62060859475032 1
0.620448543533931 1
0.577444782330346 6
0.573013364276568 6
0.572193101792574 6
0.565971110755442 6
0.549955985915493 2
0.548995678617157 2
0.548805617797695 2
0.540853072983355 2
0.540763044174136 2
0.54070302496799 2
0.531440060819462 3
0.529859555057618 4
0.528389084507042 2
0.528309058898848 2
0.527238716389245 3
0.526508482714469 3
0.525468149807939 3
0.523387483994878 2
0.523337467989757 2
0.522427176696543 2
0.519216149167734 2
0.497039052496799 1
0.496868998079385 1
0.496098751600512 1
0.492037451984635 1
0.491947423175416 1
0.490957106274008 1
0.481904209346991 1
0.480963908450704 1
0.466309218950064 4
0.463698383482714 2
0.46368838028169 1
0.463628361075544 3
0.445792653649168 1
0.444932378361076 1
0.408280649807939 2
0.404619478233035 2
0.388694382202305 3
0.388514324583867 3
0.385783450704225 2
0.3831826184379 2
0.382962548015365 2
0.381362035851472 2
0.380581786171575 2
0.380391725352113 2
0.380141645326504 2
0.379941581306018 2
0.379921574903969 2
0.379481434058899 2
0.379341389244558 2
0.373899647887324 1
0.373719590268886 2
0.373529529449424 1
0.368147807298335 2
0.364686699743918 2
0.362926136363636 1
0.36272607234315 1
0.352122679257362 3
0.351272407170295 1
0.350212067861716 1
0.349761923815621 3
0.344010083226633 1
0.343329865556978 1
0.340298895646607 3
0.339608674775928 3
0.325934298975672 6
0.32246318822023 6
0.317201504481434 2
0.316421254801536 2
0.314220550576184 1
0.314030489756722 1
0.308728793213828 6
0.307938540332907 6
0.307928537131882 1
0.307358354673496 1
0.306938220230474 2
0.301646526888604 2
0.300586187580026 2
0.300266085147247 2
0.300196062740077 3
0.29992597631242 3
0.299295774647887 2
0.29791533290653 2
0.29777528809219 2
0.297705265685019 2
0.297555217669654 2
0.297135083226633 2
0.296494878361076 2
0.294344190140845 2
0.293743998079385 1
0.293393886043534 1
0.293243838028169 1
0.292823703585147 1
0.292573623559539 1
0.292173495518566 1
0.291463268245839 1
0.291273207426376 1
0.279329385403329 1
0.278849231754161 2
0.278189020486556 2
0.277178697183099 1
0.275738236235595 1
0.27558818822023 1
0.263394286171575 3
0.263054177336748 3
0.263024167733675 3
0.260253281049936 3
0.257872519206146 4
0.252700864276569 2
0.251810579385403 1
0.251800576184379 1
0.238946462868118 2
0.23608554737516 2
0.224801936619718 1
0.224771927016645 1
0.224761923815621 1
0.223221430857875 1
0.223151408450704 1
0.223091389244558 1
0.206336027528809 1
0.206306017925736 1
0.186539692701665 4
0.184589068501921 2
0.182938540332907 1
0.182828505121639 1
0.181648127400768 3
0.181578104993598 3
0.179827544814341 3
0.179717509603073 3
0.173225432138284 2
0.173155409731114 2
0.17127480793854 1
0.17120478553137 1
0.170314500640205 4
0.170304497439181 1
0.170244478233035 5
0.169094110115237 4
0.160701424455826 2
0.160631402048656 2
0.153409090909091 4
0.153339068501921 4
0.152558818822023 1
0.152428777208707 1
0.150908290653009 1
0.150578185019206 2
0.150418133802817 1
0.149567861715749 2
0.149197743277849 2
0.148497519206146 2
0.14746718950064 1
0.147217109475032 2
0.146606914212548 1
0.141555297695262 2
0.140034811139565 2
0.140014804737516 4
0.138304257362356 4
0.13720390524968 1
0.13713388284251 1
0.137013844430218 3
0.136963828425096 1
0.133472711267606 1
0.133152608834827 3
0.133102592829706 2
0.133032570422535 2
0.120988716389245 1
0.120938700384123 1
0.118737996158771 1
0.118547935339309 2
0.118257842509603 1
0.118147807298335 2
0.11383642765685 2
0.113816421254802 2
0.113606354033291 1
0.113546334827145 1
0.102752880921895 1
0.102112676056338 1
0.09918173815621 2
0.099091709346991 2
0.0984314980793854 4
0.0983314660691421 4
0.0981614116517286 1
0.0981113956466069 1
0.0980513764404609 1
0.0980113636363636 1
0.0980013604353393 9
0.097961347631242 1
0.0979113316261204 1
0.0975312099871959 1
0.0974711907810499 2
0.0974311779769526 2
0.097411171574904 2
0.0973711587708067 1
0.0969610275288092 1
0.0969410211267606 1
0.0966209186939821 1
0.0965008802816901 6
0.0964608674775928 2
0.096070742637644 2
0.0954805537772087 2
0.0926896606914213 1
0.0926696542893726 1
0.0921995038412292 2
0.0904489436619718 1
0.0904089308578745 1
0.0873179417413572 2
0.0864276568501921 2
0.0856073943661972 2
0.0852572823303457 2
0.0837367957746479 2
0.082976552496799 1
0.0828765204865557 1
0.0828665172855314 2
0.0818661971830986 2
0.0818261843790013 3
0.0817961747759283 1
0.081756161971831 3
0.0815861075544174 1
0.0799355793854033 4
0.079865556978233 4
0.0796554897567222 2
0.0795054417413572 2
0.0792953745198463 4
0.0789452624839949 2
0.0773647567221511 8
0.0772947343149808 2
0.0767045454545455 1
0.0766945422535211 3
0.0766845390524968 2
0.0766645326504481 2
0.0766545294494238 2
0.0766045134443022 1
0.0765845070422535 1
0.0764744718309859 1
0.0764544654289373 1
0.0764444622279129 4
0.0764244558258643 4
0.0763644366197183 3
0.076354433418694 3
0.0747539212548015 2
0.0747239116517286 2
0.0745138444302177 2
0.0744138124199744 3
0.0743237836107554 3
0.073393485915493 2
0.073303457106274 1
0.073243437900128 2
0.0731934218950064 2
0.0731033930857874 1
0.0727032650448143 2
0.0726032330345711 2
0.0718529929577465 2
0.0582086267605634 2
0.0581085947503201 3
0.0580985915492958 4
0.0580085627400768 1
0.0518665973111396 2
0.0518365877080666 2
0.0516565300896287 1
0.0516165172855314 1
0.0420334507042254 2
0.0366917413572343 1
0.0365717029449424 1
0.0323003361075544 2
0.0312399967989757 1
0.031159971190781 1
0.0264084507042254 2
0.0199063700384123 1
0.0198463508322663 1
0.0197963348271447 2
0.0197863316261204 1
0.0197263124199744 1
0.0166253201024328 2
0.0101232394366197 1
0.0100832266325224 2
0.0100732234314981 1
0.0100432138284251 1
0.00999319782330346 1
