Total tokens: 99965
Total types: 4778
Token upper bound: 76922
Type upper bound: 3424
Number of syllables with multiple stress contours: 85
Total number of syllables: 317
Total number of unique syllables: 168
Upper bound compatibility by tokens: 0.769489321262
Upper bound compatibility by types: 0.716617831729
Word Form	Token Count	Type Count	Token Percentage	Type Percentage
XxL	278	48	0.28	1.0
lLp	4	2	0.0	0.04
pLlx	1	1	0.0	0.02
Lp	7486	405	7.49	8.48
XxLlp	4	1	0.0	0.02
Xpp	47	18	0.05	0.38
XxxLp	1	1	0.0	0.02
pXpl	1	1	0.0	0.02
PlLXp	2	1	0.0	0.02
XpA	5	2	0.01	0.04
Lxl	184	23	0.18	0.48
Apl	2	2	0.0	0.04
LlPp	3	2	0.0	0.04
PpLa	2	1	0.0	0.02
xXp	718	33	0.72	0.69
LpP	8	4	0.01	0.08
XlXl	80	3	0.08	0.06
Lll	46	4	0.05	0.08
aXa	1	1	0.0	0.02
xLlp	5	3	0.01	0.06
xLl	56	11	0.06	0.23
xPxL	4	3	0.0	0.06
pXxl	3	3	0.0	0.06
xLx	178	16	0.18	0.33
AlL	1	1	0.0	0.02
pXL	3	2	0.0	0.04
LxLx	33	10	0.03	0.21
pPa	1	1	0.0	0.02
AA	33	4	0.03	0.08
pXp	59	22	0.06	0.46
XxLl	34	4	0.03	0.08
pL	780	66	0.78	1.38
XlPp	6	3	0.01	0.06
Xpx	2	2	0.0	0.04
PpPxp	1	1	0.0	0.02
xAl	1	1	0.0	0.02
xpLxl	1	1	0.0	0.02
xPL	1	1	0.0	0.02
LXp	49	11	0.05	0.23
LxX	1	1	0.0	0.02
LLlp	1	1	0.0	0.02
PxxXp	1	1	0.0	0.02
lXlx	18	4	0.02	0.08
Ap	105	6	0.11	0.13
LLxl	1	1	0.0	0.02
LL	7429	195	7.43	4.08
xXxp	11	4	0.01	0.08
PpLx	1	1	0.0	0.02
PxPal	1	1	0.0	0.02
LxXx	1	1	0.0	0.02
pXlx	1	1	0.0	0.02
PxPxl	1	1	0.0	0.02
pXxx	5	1	0.01	0.02
PxXxl	3	1	0.0	0.02
Xxa	124	8	0.12	0.17
Px	193	22	0.19	0.46
Llx	14	4	0.01	0.08
xLa	6	6	0.01	0.13
Pal	7	3	0.01	0.06
PlLp	6	2	0.01	0.04
Pa	212	30	0.21	0.63
PpL	182	21	0.18	0.44
xXal	1	1	0.0	0.02
pA	128	32	0.13	0.67
lXXpL	2	1	0.0	0.02
PxA	49	6	0.05	0.13
0	1	1	0.0	0.02
xLlpl	1	1	0.0	0.02
LlXp	7	4	0.01	0.08
PpXL	1	1	0.0	0.02
Xll	34	3	0.03	0.06
xXll	5	1	0.01	0.02
pXpp	1	1	0.0	0.02
AlP	2	1	0.0	0.02
pXxp	18	7	0.02	0.15
pXx	43	3	0.04	0.06
LxXp	11	4	0.01	0.08
Xxp	306	35	0.31	0.73
lXl	15	1	0.02	0.02
Ll	11685	333	11.69	6.97
Llpl	3	1	0.0	0.02
lXlp	1	1	0.0	0.02
LlPa	1	1	0.0	0.02
PpP	10	5	0.01	0.1
pLl	50	8	0.05	0.17
XpXxl	1	1	0.0	0.02
LxPx	1	1	0.0	0.02
xPx	45	3	0.05	0.06
xXxL	11	4	0.01	0.08
Xlxp	1	1	0.0	0.02
PAp	1	1	0.0	0.02
lPp	1	1	0.0	0.02
App	18	2	0.02	0.04
PA	38	14	0.04	0.29
Lpl	21	5	0.02	0.1
pPpxp	6	1	0.01	0.02
xLpl	1	1	0.0	0.02
lLpLp	1	1	0.0	0.02
LP	302	60	0.3	1.26
Xl	12709	325	12.71	6.8
Lxx	1	1	0.0	0.02
LlLl	35	5	0.04	0.1
Llp	527	14	0.53	0.29
PpPp	1	1	0.0	0.02
XpXp	50	4	0.05	0.08
Pxl	86	17	0.09	0.36
XX	127	4	0.13	0.08
xA	101	41	0.1	0.86
PxL	42	19	0.04	0.4
xXxl	3	2	0.0	0.04
pLxL	1	1	0.0	0.02
PlPl	16	1	0.02	0.02
lP	2	2	0.0	0.04
LxLa	1	1	0.0	0.02
xX	193	3	0.19	0.06
P	2877	162	2.88	3.39
Xpa	3	3	0.0	0.06
PP	1515	65	1.52	1.36
PxPx	2	1	0.0	0.02
Xa	1759	52	1.76	1.09
Lpp	114	10	0.11	0.21
pXxL	2	2	0.0	0.04
XlA	1	1	0.0	0.02
Pla	3	2	0.0	0.04
XxXxp	13	1	0.01	0.02
pPxl	1	1	0.0	0.02
PpLp	9	4	0.01	0.08
Lxa	8	5	0.01	0.1
PlXa	1	1	0.0	0.02
PXx	3	2	0.0	0.04
PxLl	3	2	0.0	0.04
xLp	91	18	0.09	0.38
LLLl	1	1	0.0	0.02
PxPa	5	1	0.01	0.02
LLl	12	7	0.01	0.15
XpP	2	1	0.0	0.02
LlP	36	7	0.04	0.15
lLxp	2	2	0.0	0.04
LlLp	2	1	0.0	0.02
LxP	9	6	0.01	0.13
lPx	1	1	0.0	0.02
Xxpl	21	1	0.02	0.02
LXx	4	2	0.0	0.04
Plx	1	1	0.0	0.02
LXxx	3	1	0.0	0.02
PxLla	4	1	0.0	0.02
LlL	61	17	0.06	0.36
Xx	8059	26	8.06	0.54
XxLp	37	10	0.04	0.21
pLla	3	1	0.0	0.02
LPp	23	8	0.02	0.17
lL	747	11	0.75	0.23
lXxL	8	3	0.01	0.06
PxXp	3	3	0.0	0.06
llPxp	1	1	0.0	0.02
lLpxp	2	1	0.0	0.02
La	425	57	0.43	1.19
xLxl	5	4	0.01	0.08
LllL	3	1	0.0	0.02
pLxa	2	1	0.0	0.02
XpXl	1	1	0.0	0.02
pLlp	2	2	0.0	0.04
pXl	9	1	0.01	0.02
LpLa	2	2	0.0	0.04
LxLl	36	4	0.04	0.08
LLp	105	14	0.11	0.29
LlXpXp	1	1	0.0	0.02
Xlx	5	2	0.01	0.04
LXlp	1	1	0.0	0.02
xPl	2	2	0.0	0.04
xP	1659	27	1.66	0.57
XxLx	17	9	0.02	0.19
pPxLp	1	1	0.0	0.02
xXx	261	8	0.26	0.17
AXl	13	2	0.01	0.04
Xal	1	1	0.0	0.02
PpA	55	6	0.06	0.13
Al	96	12	0.1	0.25
ALp	4	3	0.0	0.06
AXp	1	1	0.0	0.02
lLx	78	4	0.08	0.08
Xlp	31	12	0.03	0.25
LxLp	2	2	0.0	0.04
Xp	9523	454	9.53	9.5
XxxLlx	1	1	0.0	0.02
PxXxp	1	1	0.0	0.02
PxXl	2	1	0.0	0.02
Xlpl	1	1	0.0	0.02
pAl	9	1	0.01	0.02
xpXp	1	1	0.0	0.02
lA	251	2	0.25	0.04
PlPxLxp	1	1	0.0	0.02
XlLl	2	2	0.0	0.04
Plp	28	7	0.03	0.15
xPp	196	33	0.2	0.69
pLxpl	3	1	0.0	0.02
XxP	22	7	0.02	0.15
XpLp	3	2	0.0	0.04
LPxl	1	1	0.0	0.02
xPxp	4	3	0.0	0.06
Xxl	327	30	0.33	0.63
pLp	67	11	0.07	0.23
PL	977	89	0.98	1.86
LpA	1	1	0.0	0.02
XpLxl	1	1	0.0	0.02
LA	86	16	0.09	0.33
LLxp	4	1	0.0	0.02
Plpl	2	1	0.0	0.02
XpPp	215	3	0.22	0.06
PPp	1	1	0.0	0.02
lXp	8	2	0.01	0.04
xXa	3	3	0.0	0.06
Lxxl	2	1	0.0	0.02
xL	3713	162	3.71	3.39
Lla	1	1	0.0	0.02
xLxLp	1	1	0.0	0.02
pXxLp	1	1	0.0	0.02
Plxl	48	1	0.05	0.02
xLxp	6	4	0.01	0.08
AX	8	3	0.01	0.06
xPxl	3	2	0.0	0.04
AxL	1	1	0.0	0.02
PlL	10	3	0.01	0.06
LxA	25	8	0.03	0.17
XxXp	11	5	0.01	0.1
Pxp	102	20	0.1	0.42
PxLLp	1	1	0.0	0.02
LLL	53	3	0.05	0.06
XlP	273	8	0.27	0.17
XxPxl	3	1	0.0	0.02
lXxp	1	1	0.0	0.02
xXpp	1	1	0.0	0.02
XlLp	7	4	0.01	0.08
xXxa	2	2	0.0	0.04
PpPx	1	1	0.0	0.02
PxPp	1	1	0.0	0.02
XpL	160	32	0.16	0.67
PXp	67	9	0.07	0.19
pPp	14	7	0.01	0.15
xLll	8	1	0.01	0.02
xPa	4	3	0.0	0.06
PLp	20	7	0.02	0.15
PlXpp	1	1	0.0	0.02
LXxp	8	1	0.01	0.02
PlP	4	4	0.0	0.08
AXx	1	1	0.0	0.02
PxLp	10	7	0.01	0.15
pP	184	23	0.18	0.48
pXxXxl	1	1	0.0	0.02
xlL	81	1	0.08	0.02
xPpl	4	1	0.0	0.02
XxXl	28	6	0.03	0.13
PpXx	16	1	0.02	0.02
xXxx	2	1	0.0	0.02
lLxP	4	1	0.0	0.02
xXxLp	58	2	0.06	0.04
pAp	12	1	0.01	0.02
AL	143	15	0.14	0.31
XLla	5	1	0.01	0.02
lLl	2	1	0.0	0.02
LXl	159	10	0.16	0.21
XL	1509	19	1.51	0.4
pLxl	1	1	0.0	0.02
PxP	8	4	0.01	0.08
xLL	58	3	0.06	0.06
lLxL	1	1	0.0	0.02
XA	3	2	0.0	0.04
PXl	123	14	0.12	0.29
ppL	2	1	0.0	0.02
XxPp	11	3	0.01	0.06
L	6390	306	6.39	6.4
XxX	1	1	0.0	0.02
AP	10	5	0.01	0.1
Pp	3251	208	3.25	4.35
Lxp	163	32	0.16	0.67
LpL	33	17	0.03	0.36
XlL	562	29	0.56	0.61
xxL	7	1	0.01	0.02
Pxa	19	6	0.02	0.13
xLlL	3	2	0.0	0.04
LLx	103	4	0.1	0.08
LxXl	2	1	0.0	0.02
LxxL	7	1	0.01	0.02
PxPxp	1	1	0.0	0.02
XlXp	17	3	0.02	0.06
LxLpL	54	1	0.05	0.02
LaLa	1	1	0.0	0.02
xXlp	3	2	0.0	0.04
Xxxp	2	2	0.0	0.04
LlA	3	1	0.0	0.02
LpLp	9	2	0.01	0.04
PPxP	1	1	0.0	0.02
pXpLl	1	1	0.0	0.02
pLa	38	8	0.04	0.17
Pl	4039	163	4.04	3.41
LpXp	2	2	0.0	0.04
XLp	3	1	0.0	0.02
Ppp	76	5	0.08	0.1
Xpl	172	22	0.17	0.46
PxAl	1	1	0.0	0.02
XxXxl	1	1	0.0	0.02
Ppl	25	5	0.03	0.1
LxPp	2	1	0.0	0.02
xPxP	2	1	0.0	0.02
XP	346	5	0.35	0.1
pAa	1	1	0.0	0.02
aL	1	1	0.0	0.02
pXa	4	3	0.0	0.06
A	648	83	0.65	1.74
xlP	65	1	0.07	0.02
lLpL	2	1	0.0	0.02
pLxp	3	3	0.0	0.06
PlXp	2	2	0.0	0.04
Lx	843	56	0.84	1.17
LaL	1	1	0.0	0.02
Xxx	163	2	0.16	0.04
LxL	718	30	0.72	0.63
