Total tokens: 99968
Total types: 4780
Token upper bound: 76912
Type upper bound: 3439
Number of syllables with multiple stress contours: 92
Total number of syllables: 332
Total number of unique syllables: 170
Upper bound compatibility by tokens: 0.769366197183
Upper bound compatibility by types: 0.719456066946
Word Form	Token Count	Type Count	Token Percentage	Type Percentage
XxL	266	40	0.27	0.84
lLp	6	3	0.01	0.06
pLlx	1	1	0.0	0.02
Lp	13212	592	13.22	12.38
XxLlp	4	1	0.0	0.02
Xpp	115	38	0.12	0.79
XxxLp	1	1	0.0	0.02
Pap	2	2	0.0	0.04
pXpl	1	1	0.0	0.02
PlLXp	2	1	0.0	0.02
XpPa	1	1	0.0	0.02
XpA	4	1	0.0	0.02
Lxl	184	23	0.18	0.48
Apl	2	2	0.0	0.04
LlPp	3	2	0.0	0.04
PpLa	3	2	0.0	0.04
xXp	757	32	0.76	0.67
LpP	8	4	0.01	0.08
XlXl	80	3	0.08	0.06
XxLa	3	2	0.0	0.04
Lll	46	4	0.05	0.08
aXa	1	1	0.0	0.02
xLlp	5	3	0.01	0.06
xLl	56	11	0.06	0.23
xPxL	1	1	0.0	0.02
pXxl	3	3	0.0	0.06
xLx	161	14	0.16	0.29
AlL	1	1	0.0	0.02
pXL	3	2	0.0	0.04
LxLx	7	4	0.01	0.08
pPa	3	3	0.0	0.06
AA	35	5	0.04	0.1
pXp	53	20	0.05	0.42
XxLl	34	4	0.03	0.08
pL	675	51	0.68	1.07
XlPp	6	3	0.01	0.06
Xpx	1	1	0.0	0.02
PpPxp	1	1	0.0	0.02
Xla	5	4	0.01	0.08
Xap	1	1	0.0	0.02
xAl	1	1	0.0	0.02
xpLxl	1	1	0.0	0.02
xPL	1	1	0.0	0.02
LXp	54	15	0.05	0.31
LxX	1	1	0.0	0.02
LLlp	1	1	0.0	0.02
PxxXp	1	1	0.0	0.02
lXlx	1	1	0.0	0.02
Ap	84	5	0.08	0.1
LLxl	1	1	0.0	0.02
LL	7414	188	7.42	3.93
xXxp	11	4	0.01	0.08
PpLx	1	1	0.0	0.02
Lpa	3	1	0.0	0.02
PxPal	1	1	0.0	0.02
LxXx	1	1	0.0	0.02
pXlx	1	1	0.0	0.02
PxPxl	1	1	0.0	0.02
pXxx	5	1	0.01	0.02
PxXxl	3	1	0.0	0.02
Xxa	222	13	0.22	0.27
Px	186	16	0.19	0.33
Llx	13	3	0.01	0.06
XpXa	2	2	0.0	0.04
xLa	6	6	0.01	0.13
Pal	7	3	0.01	0.06
PlLp	6	2	0.01	0.04
Pa	415	81	0.42	1.69
PpL	175	18	0.18	0.38
XpLa	3	2	0.0	0.04
xXal	1	1	0.0	0.02
pA	132	30	0.13	0.63
PxLLa	1	1	0.0	0.02
lXXpL	2	1	0.0	0.02
PxA	2	2	0.0	0.04
xLlpl	1	1	0.0	0.02
LlXp	7	4	0.01	0.08
PpXL	1	1	0.0	0.02
Xll	34	3	0.03	0.06
xXll	18	3	0.02	0.06
pXpp	4	3	0.0	0.06
pXxp	19	8	0.02	0.17
pXx	41	2	0.04	0.04
LxXp	11	4	0.01	0.08
Xxp	244	40	0.24	0.84
lXl	15	1	0.02	0.02
Ll	11674	334	11.68	6.99
Llpl	3	1	0.0	0.02
lXlp	1	1	0.0	0.02
LlPa	1	1	0.0	0.02
PpP	10	5	0.01	0.1
pLl	50	8	0.05	0.17
XpXxl	1	1	0.0	0.02
LxPx	1	1	0.0	0.02
xPx	45	3	0.05	0.06
xXxL	11	4	0.01	0.08
Xlxp	1	1	0.0	0.02
PAp	1	1	0.0	0.02
lPp	1	1	0.0	0.02
App	17	1	0.02	0.02
PA	63	24	0.06	0.5
Lpl	21	5	0.02	0.1
PLa	3	3	0.0	0.06
pPpxp	6	1	0.01	0.02
xLpl	1	1	0.0	0.02
XxPxp	1	1	0.0	0.02
Ppa	3	3	0.0	0.06
lLpLp	3	2	0.0	0.04
LP	269	45	0.27	0.94
xPxLp	3	2	0.0	0.04
Xl	12661	309	12.67	6.46
LLa	4	3	0.0	0.06
LlLl	35	5	0.04	0.1
Llp	548	16	0.55	0.33
PpPp	1	1	0.0	0.02
lPla	1	1	0.0	0.02
XpXp	48	2	0.05	0.04
Pxl	86	17	0.09	0.36
XX	127	4	0.13	0.08
xA	135	37	0.14	0.77
PxL	36	15	0.04	0.31
xXxl	3	2	0.0	0.04
pLxL	1	1	0.0	0.02
PlPl	16	1	0.02	0.02
lP	2	2	0.0	0.04
LxLa	1	1	0.0	0.02
xX	193	3	0.19	0.06
Xpa	6	5	0.01	0.1
PP	1483	50	1.48	1.05
PxPx	2	1	0.0	0.02
Xa	2665	170	2.67	3.56
Lpp	152	15	0.15	0.31
pXxL	2	2	0.0	0.04
XlA	1	1	0.0	0.02
Pla	18	4	0.02	0.08
XxXxp	13	1	0.01	0.02
pPxl	1	1	0.0	0.02
PpLp	13	6	0.01	0.13
xAp	3	1	0.0	0.02
Lxa	21	9	0.02	0.19
PlXa	1	1	0.0	0.02
PXx	3	2	0.0	0.04
PxLl	3	2	0.0	0.04
xLp	174	35	0.17	0.73
LLLl	1	1	0.0	0.02
PxPa	6	2	0.01	0.04
LLl	12	7	0.01	0.15
XpP	2	1	0.0	0.02
LlP	36	7	0.04	0.15
LPa	10	3	0.01	0.06
LlLp	17	5	0.02	0.1
LxP	8	5	0.01	0.1
lPx	1	1	0.0	0.02
Xxpl	21	1	0.02	0.02
LXx	4	2	0.0	0.04
Plx	1	1	0.0	0.02
LXxx	3	1	0.0	0.02
PxLla	4	1	0.0	0.02
LlL	179	19	0.18	0.4
Xx	8048	22	8.05	0.46
XxLp	50	20	0.05	0.42
pLla	3	1	0.0	0.02
LPp	15	7	0.02	0.15
lL	746	10	0.75	0.21
lXxL	8	3	0.01	0.06
PxXp	3	3	0.0	0.06
llPxp	1	1	0.0	0.02
lLpxp	3	2	0.0	0.04
La	1256	171	1.26	3.58
xLxl	5	4	0.01	0.08
LllL	3	1	0.0	0.02
pLxa	2	1	0.0	0.02
XpXl	1	1	0.0	0.02
pLlp	2	2	0.0	0.04
Aa	21	1	0.02	0.02
pXl	9	1	0.01	0.02
LpLa	2	2	0.0	0.04
LxLl	36	4	0.04	0.08
Lpxa	2	1	0.0	0.02
LLp	215	23	0.22	0.48
LlXpXp	1	1	0.0	0.02
Xlx	5	2	0.01	0.04
xPl	2	2	0.0	0.04
xP	1598	16	1.6	0.33
XxLx	16	8	0.02	0.17
pPxLp	1	1	0.0	0.02
xXx	188	5	0.19	0.1
AXl	13	2	0.01	0.04
Xal	1	1	0.0	0.02
PpA	55	6	0.06	0.13
Al	96	12	0.1	0.25
ALp	4	3	0.0	0.06
AXp	1	1	0.0	0.02
lLx	78	4	0.08	0.08
Xlp	65	22	0.07	0.46
LxLp	23	9	0.02	0.19
Xp	11421	472	11.42	9.87
PxXxp	1	1	0.0	0.02
LLLp	2	1	0.0	0.02
PxXl	2	1	0.0	0.02
Xlpl	1	1	0.0	0.02
pAl	9	1	0.01	0.02
xpXp	1	1	0.0	0.02
lA	251	2	0.25	0.04
PlPxLxp	1	1	0.0	0.02
XlLl	2	2	0.0	0.04
Plp	28	8	0.03	0.17
xPp	198	39	0.2	0.82
pLxpl	3	1	0.0	0.02
XxP	21	6	0.02	0.13
XpLp	3	3	0.0	0.06
LPxl	1	1	0.0	0.02
xPxp	4	3	0.0	0.06
Xxl	328	31	0.33	0.65
pLp	172	23	0.17	0.48
PL	977	89	0.98	1.86
XxxLlp	1	1	0.0	0.02
LpA	1	1	0.0	0.02
XpLxl	1	1	0.0	0.02
LA	108	23	0.11	0.48
LLxp	4	1	0.0	0.02
Plpl	2	1	0.0	0.02
XpPp	215	3	0.22	0.06
PPp	1	1	0.0	0.02
lXp	8	2	0.01	0.04
xXa	13	7	0.01	0.15
Lxxl	2	1	0.0	0.02
xL	3669	145	3.67	3.03
Lla	4	4	0.0	0.08
xLxLp	1	1	0.0	0.02
pXxLp	1	1	0.0	0.02
Plxl	48	1	0.05	0.02
xLxp	6	4	0.01	0.08
xPxl	3	2	0.0	0.04
AxL	1	1	0.0	0.02
PlL	9	2	0.01	0.04
LxA	24	7	0.02	0.15
XxXp	11	5	0.01	0.1
Pxp	77	21	0.08	0.44
LLL	51	2	0.05	0.04
XlP	273	8	0.27	0.17
XxPxl	3	1	0.0	0.02
lXxp	1	1	0.0	0.02
xXpp	1	1	0.0	0.02
XlLp	10	6	0.01	0.13
xXxa	3	3	0.0	0.06
XxA	14	3	0.01	0.06
XXp	2	1	0.0	0.02
XpL	154	27	0.15	0.56
PxPp	34	2	0.03	0.04
PXp	74	14	0.07	0.29
pPp	22	13	0.02	0.27
xLll	8	1	0.01	0.02
xPa	18	10	0.02	0.21
PLp	17	4	0.02	0.08
PlXpp	1	1	0.0	0.02
LXxp	8	1	0.01	0.02
PlP	4	4	0.0	0.08
AXx	1	1	0.0	0.02
PxLp	14	9	0.01	0.19
pP	165	13	0.17	0.27
pXxXxl	1	1	0.0	0.02
xlL	81	1	0.08	0.02
xPpl	4	1	0.0	0.02
XxXl	28	6	0.03	0.13
PpXx	16	1	0.02	0.02
xXxx	2	1	0.0	0.02
lLxP	4	1	0.0	0.02
xXxLp	58	2	0.06	0.04
pAp	12	1	0.01	0.02
AL	143	15	0.14	0.31
XLla	5	1	0.01	0.02
lLl	2	1	0.0	0.02
LXl	159	10	0.16	0.21
XL	1499	17	1.5	0.36
pLxl	1	1	0.0	0.02
PxP	8	4	0.01	0.08
xLL	58	3	0.06	0.06
lLxL	1	1	0.0	0.02
XA	1	1	0.0	0.02
PXl	123	14	0.12	0.29
ppL	2	1	0.0	0.02
XxPp	10	2	0.01	0.04
XxX	1	1	0.0	0.02
AP	16	7	0.02	0.15
LXla	1	1	0.0	0.02
Pp	3749	230	3.75	4.81
Lxp	158	36	0.16	0.75
PpXp	1	1	0.0	0.02
LpL	32	16	0.03	0.33
XlL	441	25	0.44	0.52
xxL	7	1	0.01	0.02
Pxa	49	9	0.05	0.19
xLlL	3	2	0.0	0.04
LLx	8	1	0.01	0.02
LxXl	2	1	0.0	0.02
LxxL	7	1	0.01	0.02
PxPxp	1	1	0.0	0.02
XlXp	17	3	0.02	0.06
LxLpL	54	1	0.05	0.02
LaLa	1	1	0.0	0.02
xXlp	3	2	0.0	0.04
Xxxp	2	2	0.0	0.04
LlA	3	1	0.0	0.02
LpLp	14	4	0.01	0.08
PPxP	1	1	0.0	0.02
pXpLl	1	1	0.0	0.02
pLa	43	11	0.04	0.23
Pl	4024	160	4.03	3.35
LpXp	2	2	0.0	0.04
XLp	13	3	0.01	0.06
Ppp	90	10	0.09	0.21
Xpl	172	22	0.17	0.46
AlA	2	1	0.0	0.02
PxAl	1	1	0.0	0.02
XxXxl	1	1	0.0	0.02
Ppl	25	5	0.03	0.1
LxPp	2	1	0.0	0.02
xPxP	2	1	0.0	0.02
XP	346	5	0.35	0.1
pXll	4	1	0.0	0.02
pAa	1	1	0.0	0.02
aL	1	1	0.0	0.02
pXa	13	7	0.01	0.15
xlP	65	1	0.07	0.02
pLxp	3	3	0.0	0.06
PlXp	2	2	0.0	0.04
xLpp	3	2	0.0	0.04
Lx	534	47	0.53	0.98
LaL	1	1	0.0	0.02
Xxx	163	2	0.16	0.04
LxL	711	28	0.71	0.59
