0.737778222377832 0.661992465466723 1 2 1 2 1
0.736977942279798 0.656132272917539 1 3 1 2 1
0.731205922072726 0.641481791544579 1 2 2 2 2
0.730705747011454 0.632063624947677 1 2 1 3 1
0.730675736507778 0.63143574717455 1 3 2 1 1
0.730675736507778 0.63143574717455 1 3 1 1 1
0.730675736507778 0.63143574717455 1 2 2 3 1
0.730675736507778 0.63143574717455 1 2 2 1 1
0.730675736507778 0.63143574717455 1 2 1 1 1
0.730485669984495 0.634365843449142 1 3 2 3 1
0.730485669984495 0.634365843449142 1 2 2 2 1
0.730005501925674 0.630598576810381 1 3 1 3 1
0.728915120292102 0.64336542486396 3 2 1 2 1
0.728244885709998 0.63143574717455 3 2 2 2 2
0.727784724653629 0.641691084135622 3 2 1 1 1
0.727654679137698 0.633319380493931 3 2 1 4 1
0.727564647626669 0.627249895353704 3 2 2 1 2
0.726964437553144 0.623901213897028 2 2 2 1 2
0.724593607762717 0.622854750941817 3 2 2 5 2
0.724243485219827 0.626622017580578 3 2 1 5 1
0.723673285649977 0.612180828798661 1 2 1 2 2
0.723413194618116 0.622436165759732 3 2 2 2 1
0.723263142099735 0.620343239849309 3 2 2 5 1
0.723243135097284 0.620343239849309 3 2 1 3 1
0.723243135097284 0.608622854750942 3 2 2 4 2
0.723223128094833 0.619924654667225 3 2 2 3 1
0.723073075576452 0.611343658434491 1 2 2 3 2
0.723053068574001 0.610925073252407 1 2 2 1 2
0.723053068574001 0.610925073252407 1 2 1 3 2
0.723053068574001 0.610925073252407 1 2 1 1 2
0.722973040564197 0.616366680619506 3 2 2 1 1
0.722953033561747 0.627040602762662 2 2 1 1 1
0.72257290051518 0.609460025115111 3 2 1 2 2
0.72209273245636 0.62222687316869 3 2 2 4 1
0.722002700945331 0.611134365843449 2 2 2 2 2
0.72198269394288 0.608832147341984 3 2 2 3 2
0.721972690441655 0.608622854750942 3 2 1 5 2
0.721962686940429 0.6084135621599 3 2 1 3 2
0.721842644925724 0.605902051067392 3 2 1 4 2
0.721422497874256 0.606739221431561 2 2 2 5 2
0.720992347321563 0.610087902888238 2 2 1 4 1
0.720862301805632 0.620761825031394 2 2 1 2 1
0.720172060221077 0.597111762243617 2 2 1 4 2
0.719581853648777 0.599832565927166 3 2 1 1 2
0.719491822137748 0.602344077019674 2 2 2 1 1
0.719461811634072 0.594600251151109 2 2 1 2 2
0.719331766118141 0.612808706571787 2 2 1 5 1
0.718891612064222 0.594390958560067 2 2 2 3 2
0.718881608562997 0.594181665969025 2 2 1 5 2
0.718871605061772 0.593972373377982 2 2 1 3 2
0.718491472015205 0.605274173294265 2 2 2 2 1
0.718221377482119 0.604437002930096 2 2 2 5 1
0.718151352973541 0.603809125156969 2 2 1 3 1
0.71813134597109 0.603390539974885 2 2 2 3 1
0.717711198919622 0.615110925073252 1 3 2 2 1
0.716430750762767 0.597111762243617 2 2 2 4 1
0.716390736757865 0.588740058601925 2 2 2 4 2
0.71581053368679 0.584344914190038 2 2 1 1 2
0.548942129745411 0.543114273754709 3 3 1 1 1
0.442734957235032 0.387609878610297 3 3 2 4 1
0.439123693292652 0.455211385516953 3 3 1 2 1
0.435642474866203 0.432607785684387 3 3 1 5 1
0.430260591206922 0.430096274591879 3 3 2 5 1
0.429640374130946 0.423608204269569 3 3 2 3 1
0.429420297103986 0.4227710339054 3 3 1 3 1
0.426319211724103 0.422352448723315 3 3 2 2 1
0.42109738408443 0.381331100879029 3 3 1 4 1
0.418516480768269 0.366262034323985 3 3 2 1 1
0.329465312859501 0.273545416492256 2 3 1 1 1
0.324763667283549 0.357053160318125 3 3 2 1 2
0.307377582153754 0.236500627877773 2 3 2 4 1
0.288881108387936 0.231896190874843 2 3 1 4 1
0.287530635722503 0.220803683549602 2 3 2 1 1
0.28315910568699 0.302846379238175 2 3 2 1 2
0.225628970139549 0.219547928003349 2 3 2 4 2
0.225608963137098 0.219129342821264 2 3 1 1 2
0.225028760066023 0.221012976140645 3 3 2 4 2
0.223038063322163 0.209711176224362 3 3 1 1 2
0.20711248937128 0.214524905818334 2 3 1 4 2
0.203381183414195 0.258476349937212 1 3 2 2 2
0.202260791276947 0.169317706153202 2 3 1 2 1
0.201080378132346 0.204269568857262 3 3 1 4 2
0.200710248587005 0.156132272917539 2 3 1 5 1
0.197999299754914 0.252825449979071 1 1 2 1 1
0.197999299754914 0.252825449979071 1 1 1 1 1
0.197889261241434 0.252197572205944 1 1 2 3 1
0.197879257740209 0.251988279614902 1 1 1 3 1
0.197609163207122 0.243825868564253 1 1 1 2 1
0.197349072175261 0.245500209292591 3 1 1 1 1
0.197229030160556 0.23984930933445 1 1 2 2 1
0.196228680038013 0.238593553788196 3 1 2 5 1
0.196128645025759 0.237756383424027 3 1 1 2 1
0.195778522482869 0.234198409376308 3 1 2 2 1
0.195738508477967 0.239430724152365 3 1 2 3 1
0.195738508477967 0.239430724152365 3 1 1 3 1
0.195708497974291 0.238593553788196 3 1 1 5 1
0.193367678687541 0.142946839681875 2 3 2 5 1
0.191887160506177 0.138133110087903 2 3 1 3 1
0.191847146501275 0.138133110087903 2 3 2 3 1
0.191827139498825 0.143784010046044 2 3 2 2 1
0.191627069474316 0.224570950188363 3 1 2 1 1
0.191426999449807 0.22331519464211 3 1 2 4 1
0.191386985444906 0.222687316868983 3 1 1 4 1
0.183894363027059 0.205316031812474 2 1 1 1 1
0.183664282498875 0.238593553788196 3 3 2 2 2
0.183204121442505 0.203641691084136 2 1 1 2 1
0.183064072425349 0.20217664294684 2 1 1 5 1
0.182944030410644 0.200711594809544 2 1 2 5 1
0.182944030410644 0.200711594809544 2 1 2 3 1
0.182944030410644 0.200711594809544 2 1 1 3 1
0.182874005902066 0.200293009627459 2 1 2 2 1
0.180683239133697 0.198409376308079 2 1 2 4 1
0.180653228630021 0.197990791125994 2 1 1 4 1
0.180513179612865 0.196525742988698 2 1 2 1 1
0.178682538888611 0.199874424445375 2 1 2 1 2
0.178362426849397 0.193804939305149 1 3 1 3 2
0.178362426849397 0.193804939305149 1 3 1 1 2
0.178362426849397 0.193804939305149 1 1 1 3 2
0.178362426849397 0.193804939305149 1 1 1 2 2
0.178362426849397 0.193804939305149 1 1 1 1 2
0.177812234281999 0.198200083717036 1 3 1 2 2
0.177432101235432 0.194223524487233 3 1 1 1 2
0.177432101235432 0.194223524487233 2 1 1 1 2
0.177432101235432 0.193804939305149 3 1 1 4 2
0.177402090731756 0.193804939305149 2 1 1 4 2
0.176901915670485 0.193386354123064 3 1 1 5 2
0.176901915670485 0.193386354123064 3 1 1 3 2
0.176901915670485 0.193386354123064 3 1 1 2 2
0.176881908668034 0.193177061532022 2 1 1 5 2
0.176881908668034 0.193177061532022 2 1 1 3 2
0.176881908668034 0.193177061532022 2 1 1 2 2
0.175501425498925 0.193595646714106 2 1 2 4 2
0.167628670034512 0.193386354123064 3 3 1 2 2
0.16758865602961 0.193386354123064 2 3 2 2 2
0.167398589506327 0.190665550439514 3 3 1 5 2
0.166898414445056 0.19024696525743 3 3 1 3 2
0.165637973290652 0.192339891167853 2 3 2 5 2
0.159025658980643 0.201130179991628 3 3 2 5 2
0.157124993747812 0.183758894935119 3 1 2 1 2
0.156634822187766 0.166806195060695 2 3 1 2 2
0.156524783674286 0.165969024696526 2 3 1 5 2
0.155944580603211 0.16450397655923 2 3 1 3 2
0.152303306157155 0.167434072833822 3 1 2 4 2
0.101125393887861 0.120343239849309 1 1 2 2 2
0.100845295853549 0.116785265801591 1 3 2 3 2
0.0996348722052718 0.11950606948514 3 1 2 2 2
0.0995948582003701 0.119087484303056 2 1 2 5 2
0.0995948582003701 0.119087484303056 2 1 2 2 2
0.0995748511979193 0.119087484303056 3 1 2 5 2
0.0993547741709598 0.116157388028464 3 3 2 3 2
0.099334767168509 0.115948095437422 2 3 2 3 2
0.099194718151353 0.115529510255337 3 1 2 3 2
0.099194718151353 0.115529510255337 2 1 2 3 2
0.099194718151353 0.115529510255337 1 3 2 1 2
0.099194718151353 0.115529510255337 1 1 2 3 2
0.099194718151353 0.115529510255337 1 1 2 1 2